2021-11-16 1102.0 1438.1 1476.0 1476.0 1425.0 1938.0 752.0
2021-11-17 2445.0 1453.9 1466.8 1490.0 1433.0 1938.0 752.0
2021-11-18 1321.0 1431.0 1482.9 1510.0 1414.0 1938.0 752.0
2021-11-21 570.0 1421.0 1432.0 1432.0 1415.0 1938.0 752.0
2021-11-22 965.0 1430.0 1421.0 1430.0 1405.0 1938.0 752.0
2021-11-23 783.0 1411.0 1420.0 1422.0 1405.1 1938.0 752.0
2021-11-24 2059.0 1424.9 1400.0 1425.0 1400.0 1938.0 752.0
2021-11-25 768.0 1400.0 1453.0 1453.0 1396.5 1938.0 752.0
2021-11-28 1014.0 1360.0 1398.0 1398.0 1347.0 1938.0 752.0
2021-11-29 1861.0 1360.0 1385.0 1385.0 1340.1 1938.0 752.0
2021-11-30 911.0 1381.0 1360.0 1386.0 1333.0 1938.0 752.0
2021-12-01 200.0 1362.0 1360.0 1375.0 1360.0 1938.0 752.0
2021-12-02 1594.0 1330.0 1350.0 1350.0 1320.0 1938.0 752.0
2021-12-05 1799.0 1290.0 1305.0 1330.0 1280.0 1938.0 752.0
2021-12-06 1550.0 1326.0 1290.0 1326.0 1221.0 1938.0 752.0
2021-12-07 1053.0 1312.0 1352.0 1352.0 1312.0 1938.0 752.0
2021-12-08 1474.0 1267.0 1300.0 1300.0 1265.0 1938.0 752.0
2021-12-09 780.0 1241.9 1242.0 1242.0 1217.2 1938.0 752.0
