2021-08-03 98770.0 580.0 575.0 583.0 571.1 605.8 398.0 BULLISH BULLISH BULLISH 578.03 573.07 566.13 561.17 584.97 589.93 596.87
2021-08-04 117917.0 582.5 591.6 591.6 577.2 605.8 398.0 BULLISH BULLISH BULLISH 583.77 575.93 569.37 561.53 590.33 598.17 604.73
2021-08-05 128975.0 580.0 583.0 587.0 578.0 605.8 398.0 BULLISH BULLISH BULLISH 583.77 575.93 569.37 561.53 590.33 598.17 604.73
2021-08-09 98808.0 580.0 586.0 586.0 576.0 605.8 398.0 BEARISH BULLISH BULLISH 580.67 575.33 570.67 565.33 585.33 590.67 595.33
2021-08-12 207792.0 593.1 598.0 599.0 588.0 620.0 398.0 BULLISH BULLISH BULLISH 593.37 587.73 582.37 576.73 598.73 604.37 609.73
2021-08-15 246363.0 594.0 604.0 604.9 585.0 620.0 398.0 BULLISH BULLISH BULLISH 594.63 584.37 574.73 564.47 604.27 614.53 624.17
2021-08-16 178209.0 590.0 600.0 600.0 587.2 620.0 398.0 BEARISH BULLISH BULLISH 592.4 584.8 579.6 572.0 597.6 605.2 610.4
2021-08-17 119069.0 583.9 585.0 594.0 582.1 620.0 398.0 BEARISH BULLISH BULLISH 592.4 584.8 579.6 572.0 597.6 605.2 610.4
2021-08-18 203897.0 595.0 582.0 600.0 575.0 620.0 398.0 BULLISH BULLISH BULLISH 590.0 580.0 565.0 555.0 605.0 615.0 630.0
2021-08-19 155462.0 590.5 596.0 600.0 590.0 620.0 398.0 BEARISH BULLISH BULLISH 593.5 587.0 583.5 577.0 597.0 603.5 607.0
2021-08-24 84503.0 580.0 595.0 595.0 578.0 620.0 398.0 BEARISH BEARISH BULLISH 584.33 573.67 567.33 556.67 590.67 601.33 607.67
