2021-10-06 1500.0 1032.0 1030.0 1032.0 1030.0 1150.0 1024.0
2021-11-17 130.0 1030.0 1020.0 1030.0 1020.0 1150.0 1005.0
2021-11-21 550.0 1035.0 1020.0 1035.0 1020.0 1150.0 1005.0
2021-11-22 70.0 1025.0 1025.0 1025.0 1025.0 1150.0 1005.0
2021-11-25 375.0 1006.0 1025.0 1025.0 1006.0 1150.0 1005.0
2021-11-30 10.0 1026.1 1026.1 1026.1 1026.1 1150.0 1005.0
2021-12-02 100.0 1011.0 1011.0 1011.0 1011.0 1150.0 1005.0
2021-12-05 550.0 1000.0 1000.0 1000.3 1000.0 1150.0 1000.0
2021-12-07 250.0 1015.0 1013.0 1015.0 1013.0 1150.0 1000.0
2021-12-08 850.0 1015.0 1015.0 1015.0 1014.9 1150.0 1000.0
2021-12-09 30.0 1015.0 1015.0 1015.0 1015.0 1150.0 1000.0
2021-12-15 25.00 1015.0 1015.0 1015.0 1015.0 1150.0 1000.0
2021-12-16 100.0 1015.0 1015.0 1015.0 1015.0 1150.0 1000.0
2021-12-20 225.0 1015.0 1015.0 1015.0 1015.0 1150.0 1000.0
2021-12-21 50.0 1015.0 1015.0 1015.0 1015.0 1150.0 1000.0
2021-12-22 210.0 1015.0 1015.0 1015.0 1015.0 1150.0 1000.0
2021-12-23 25.0 1015.0 1015.0 1015.0 1015.0 1150.0 1000.0
2021-12-27 575.0 1030.0 1015.0 1030.0 1015.0 1150.0 1000.0
2021-12-28 100.0 1050.0 1045.0 1050.0 1045.0 1150.0 1000.0
2022-01-02 1990.0 1071.0 1050.0 1071.0 1050.0 1150.0 1000.0
2022-01-04 500.0 1050.0 1050.0 1050.0 1050.0 1150.0 1000.0
2022-01-05 25.0 1050.0 1050.0 1050.0 1050.0 1150.0 1000.0
2022-01-06 225.0 1050.0 1060.0 1060.0 1050.0 1150.0 1000.0
2022-01-09 410.0 1071.0 1029.0 1071.0 1020.0 1150.0 1000.0
2022-01-11 700.0 1091.0 1074.0 1091.0 1074.0 1150.0 1000.0
2022-01-25 1375.0 1000.0 1069.2 1069.2 994.7 1150.0 994.7
2022-01-26 625.0 1005.0 1000.0 1005.0 1000.0 1150.0 994.7
2022-01-27 30.0 1005.0 1005.0 1005.0 1005.0 1150.0 994.7
2022-01-30 350.0 1001.0 1000.0 1001.0 1000.0 1150.0 994.7
2022-01-31 200.0 1001.0 1001.0 1001.0 1001.0 1150.0 994.7
2022-02-01 1800.0 1005.0 1002.0 1005.0 995.0 1150.0 994.7
2022-02-03 325.0 988.0 990.0 990.0 985.0 1150.0 985.0
2022-02-06 125.0 995.0 995.0 995.0 995.0 1150.0 985.0
2022-02-07 600.0 1004.0 1004.0 1004.0 1004.0 1150.0 985.0
2022-02-09 25.0 1004.0 1004.0 1004.0 1004.0 1150.0 985.0
2022-02-16 2000.0 1004.0 1004.0 1004.0 1004.0 1150.0 985.0
2022-02-22 625.0 1000.0 997.0 1000.0 997.0 1150.0 985.0
