2021-08-03 425671.0 555.0 548.7 555.0 531.0 590.0 92.0 BULLISH BULLISH BULLISH 547.0 539.0 523.0 515.0 563.0 571.0 587.0
2021-08-04 965849.0 600.0 566.1 607.8 558.0 607.8 92.0 BULLISH BULLISH BULLISH 588.6 569.4 538.8 519.6 619.2 638.4 669.0
2021-08-05 831534.0 579.0 612.0 614.0 574.0 614.0 92.0 BULLISH BULLISH BULLISH 588.6 569.4 538.8 519.6 619.2 638.4 669.0
2021-08-09 1080224.0 628.0 613.0 640.0 603.0 640.0 92.0 BULLISH BULLISH BULLISH 623.67 607.33 586.67 570.33 644.33 660.67 681.33
2021-08-12 645412.0 629.0 642.6 642.6 622.0 642.6 92.0 BULLISH BULLISH BULLISH 631.2 619.8 610.6 599.2 640.4 651.8 661.0
2021-08-15 966111.0 592.0 616.5 616.5 570.0 642.6 92.0 BEARISH BULLISH BULLISH 592.83 569.17 546.33 522.67 615.67 639.33 662.17
2021-08-16 519211.0 603.0 603.0 620.0 582.0 642.6 92.0 BEARISH BULLISH BULLISH 601.67 583.33 563.67 545.33 621.33 639.67 659.33
2021-08-17 694125.0 628.0 615.0 642.1 610.0 642.6 92.0 BULLISH BULLISH BULLISH 601.67 583.33 563.67 545.33 621.33 639.67 659.33
2021-08-18 670086.0 690.8 640.0 690.8 640.0 690.8 92.0 BULLISH BULLISH BULLISH 673.87 656.93 623.07 606.13 707.73 724.67 758.53
2021-08-19 1690522.0 697.0 704.6 730.0 662.0 730.0 92.0 BULLISH BULLISH BULLISH 696.33 662.67 628.33 594.67 730.67 764.33 798.67
