2021-11-16 5709.0 752.0 736.0 785.1 716.1 1125.0 519.0
2021-11-17 8058.0 763.5 753.0 780.0 740.0 1125.0 519.0
2021-11-18 3570.0 740.0 748.3 750.0 736.1 1125.0 519.0
2021-11-21 2670.0 729.0 726.0 740.0 718.0 1125.0 566.0
2021-11-22 6142.0 736.0 731.0 770.0 716.0 1125.0 566.0
2021-11-23 3493.0 726.0 737.0 737.0 716.0 1125.0 578.0
2021-11-24 3346.0 722.0 711.5 730.0 709.0 1125.0 588.0
2021-11-25 2006.0 723.0 722.0 735.0 711.0 1125.0 600.0
2021-11-28 5383.0 700.0 709.0 721.0 698.0 1125.0 600.0
2021-11-29 6317.0 682.0 690.0 714.0 682.0 1125.0 600.0
2021-11-30 4911.0 682.0 682.0 695.0 677.5 1125.0 600.0
2021-12-01 1862.0 681.0 684.0 697.6 681.0 1125.0 600.0
2021-12-02 5873.0 685.0 681.0 685.0 673.0 1125.0 600.0
