2021-11-16 228742.0 347.9 334.0 348.0 325.0 502.0 110.0
2021-11-17 294506.0 347.0 354.0 365.0 345.0 502.0 110.0
2021-11-18 171715.0 339.9 340.1 357.0 334.0 502.0 110.0
2021-11-21 130156.0 342.0 339.9 348.0 335.0 502.0 110.0
2021-11-22 132030.0 340.0 345.0 351.0 340.0 502.0 110.0
2021-11-23 131881.0 333.5 335.2 345.0 328.4 502.0 110.0
2021-11-24 125449.0 340.0 330.0 347.0 325.0 502.0 110.0
2021-11-25 150280.0 342.1 342.0 347.0 338.0 502.0 110.0
2021-11-28 176308.0 321.0 335.3 342.0 318.5 502.0 110.0
2021-11-29 102812.0 326.0 321.0 333.9 319.0 502.0 110.0
2021-11-30 65234.0 330.0 332.5 334.4 320.5 502.0 110.0
2021-12-01 89366.0 330.0 336.1 336.6 328.0 502.0 110.0
2021-12-02 91689.0 318.0 336.6 336.6 315.0 502.0 110.0
2021-12-05 122209.0 304.0 312.0 320.0 302.0 502.0 110.0
2021-12-06 187946.0 312.0 302.0 320.0 283.4 502.0 110.0
2021-12-07 99545.0 299.0 318.2 323.5 297.0 502.0 110.0
2021-12-08 66817.0 288.0 303.0 305.0 285.0 502.0 110.0
2021-12-09 132288.0 280.2 287.0 292.0 274.4 502.0 110.0
2021-12-12 150746.0 259.0 282.3 282.3 253.0 502.0 110.0
2021-12-13 171211.00 235.0 253.9 258.0 233.1 502.0 110.0
2021-12-14 93895.00 258.5 238.0 258.5 238.0 502.0 110.0
2021-12-15 257848.00 278.5 263.0 284.3 262.7 502.0 110.0
2021-12-16 126766.0 267.0 282.0 282.0 262.0 502.0 110.0
2021-12-20 105292.0 255.9 262.0 267.0 254.5 502.0 110.0
2021-12-21 93734.0 274.0 250.8 277.0 250.8 502.0 110.0
2021-12-22 153259.0 296.0 279.0 298.0 275.0 502.0 115.0
2021-12-23 128123.0 291.0 301.0 307.0 282.0 502.0 115.0
2021-12-26 115254.0 289.8 296.0 297.0 285.8 502.0 115.0
2021-12-27 118407.0 272.0 285.0 295.4 270.0 502.0 115.0
2021-12-28 81741.0 274.9 267.0 280.0 264.0 502.0 116.0
2021-12-29 44404.0 273.0 270.0 280.0 270.0 502.0 116.0
2022-01-02 54476.0 273.0 275.0 278.0 269.0 502.0 116.0
2022-01-03 71847.0 273.9 278.0 285.0 272.5 502.0 116.0
2022-01-04 72936.0 280.0 275.0 280.0 270.0 502.0 118.0
2022-01-05 150798.0 286.0 285.0 295.0 271.0 502.0 119.0
2022-01-06 80948.0 290.0 281.1 291.7 280.0 502.0 123.0
2022-01-09 243529.0 312.5 295.0 313.0 291.7 502.0 123.0
2022-01-10 259318.0 324.0 318.7 338.0 308.7 502.0 123.0
2022-01-11 159000.0 323.2 324.0 330.0 318.0 502.0 123.0
2022-01-12 237434.0 314.0 325.9 335.5 310.9 502.0 123.0
2022-01-13 187723.0 328.9 320.0 330.0 313.6 502.0 124.0
2022-01-16 261851.0 336.0 335.4 350.0 332.0 502.0 124.0
2022-01-17 162598.0 335.2 342.7 342.7 330.0 502.0 124.0
2022-01-18 204240.0 324.1 335.0 338.0 318.0 502.0 127.0
2022-01-19 144065.0 319.0 327.0 330.0 315.0 502.0 129.0
2022-01-20 139968.0 331.5 319.0 332.0 312.7 502.0 129.0
2022-01-23 150700.0 330.0 338.0 340.0 325.0 502.0 130.0
2022-01-24 228358.0 314.0 325.0 325.0 312.0 502.0 130.0
2022-01-25 100632.0 313.0 313.9 321.0 308.0 502.0 130.0
2022-01-26 127391.0 306.9 318.0 318.0 303.0 502.0 131.0
2022-01-27 77668.0 307.0 305.0 313.0 305.0 502.0 131.0
2022-01-30 181534.0 329.0 313.0 330.0 313.0 502.0 131.0
2022-01-31 95182.0 320.1 335.0 335.0 320.0 502.0 131.0
2022-02-01 170026.0 330.0 320.0 334.5 318.0 502.0 132.0
2022-02-03 273319.0 327.0 323.4 345.0 323.4 502.0 132.0
2022-02-06 105809.0 321.0 327.0 327.0 317.0 502.0 134.0
2022-02-07 85951.0 323.0 318.0 330.0 317.0 502.0 134.0
2022-02-09 58215.0 318.2 320.0 322.0 315.0 502.0 134.0
2022-02-10 54866.0 316.5 320.0 323.0 312.0 502.0 134.0
2022-02-13 145952.0 301.0 316.5 316.5 299.0 502.0 134.0
2022-02-14 83109.0 304.0 300.0 311.9 298.0 502.0 134.0
2022-02-15 66135.0 316.0 309.9 320.0 303.0 502.0 134.0
2022-02-16 60584.0 308.0 320.0 322.0 306.0 502.0 134.0
2022-02-17 40354.0 307.0 311.0 312.0 305.1 502.0 134.0
2022-02-20 101260.0 306.0 300.9 313.0 295.0 502.0 134.0
2022-02-21 37422.0 310.0 308.0 313.0 306.0 502.0 134.0
2022-02-22 69622.0 312.0 316.2 317.0 311.1 502.0 134.0
