2021-11-16 122858.0 620.0 624.0 624.0 610.0 882.4 240.0
2021-11-17 302488.0 630.0 632.4 654.0 621.0 882.4 240.0
2021-11-18 164322.0 616.0 630.0 647.7 615.0 882.4 240.0
2021-11-21 229197.0 627.0 610.0 635.4 603.7 882.4 240.0
2021-11-22 234581.0 633.0 639.0 640.9 626.0 882.4 240.0
2021-11-23 156637.0 616.0 625.0 635.0 613.0 882.4 240.0
2021-11-24 208566.0 618.0 615.0 626.2 595.0 882.4 240.0
2021-11-25 83490.0 612.0 620.0 624.5 610.0 882.4 240.0
2021-11-28 203824.0 586.0 600.0 610.0 585.0 882.4 240.0
2021-11-29 113827.0 580.0 586.0 605.0 577.0 882.4 240.0
2021-11-30 103984.0 580.0 589.9 590.0 574.0 882.4 240.0
2021-12-01 90259.0 589.0 580.0 592.0 580.0 882.4 240.0
2021-12-02 110598.0 574.0 599.0 599.0 568.1 882.4 240.0
2021-12-05 169159.0 540.0 563.0 574.2 538.5 882.4 240.0
2021-12-06 211539.0 560.0 539.0 563.0 515.0 882.4 240.0
2021-12-07 118755.0 539.0 565.6 571.0 536.2 882.4 240.0
2021-12-08 134136.0 519.0 530.0 542.0 515.0 882.4 240.0
2021-12-09 116336.0 512.0 511.0 525.2 505.0 882.4 240.0
2021-12-12 138457.0 482.0 506.5 510.0 478.0 882.4 240.0
2021-12-13 196899.00 458.0 472.4 489.9 450.0 882.4 240.0
2021-12-14 94999.00 503.8 467.0 503.8 460.0 882.4 240.0
2021-12-15 220174.00 506.0 513.0 534.4 495.0 882.4 240.0
2021-12-16 108126.0 486.5 510.0 510.0 485.1 882.4 240.0
2021-12-20 84121.0 475.0 486.0 497.0 471.2 882.4 240.0
2021-12-21 85423.0 493.0 483.0 494.0 476.0 882.4 240.0
2021-12-22 168665.0 530.0 502.0 530.0 500.0 882.4 244.0
2021-12-23 152496.0 520.1 535.0 540.0 520.0 882.4 244.0
2021-12-26 124529.0 516.0 525.0 530.0 512.0 882.4 244.0
2021-12-27 177984.0 488.0 521.0 524.0 486.3 882.4 244.0
2021-12-28 93245.0 493.0 497.0 501.0 472.0 882.4 244.0
2021-12-29 79157.0 493.0 501.9 502.0 490.0 882.4 245.0
2022-01-02 82669.0 506.0 493.0 506.9 490.0 882.4 253.0
2022-01-03 112793.0 504.9 514.0 515.0 500.0 882.4 253.0
2022-01-04 83363.0 514.2 508.0 516.0 497.1 882.4 259.0
2022-01-05 120607.0 514.0 514.0 527.0 511.0 882.4 261.0
2022-01-06 118617.0 526.0 514.0 527.0 509.0 882.4 261.0
2022-01-09 250424.0 556.8 535.0 559.0 530.0 882.4 262.0
2022-01-10 204840.0 549.0 560.0 565.0 543.0 882.4 262.0
2022-01-11 142738.0 552.0 557.0 559.9 540.2 882.4 262.0
2022-01-12 208057.0 540.0 554.0 565.0 540.0 882.4 264.0
2022-01-13 238036.0 574.0 548.0 574.9 538.1 882.4 265.0
2022-01-16 235708.0 583.2 585.4 600.0 578.0 882.4 265.0
2022-01-17 274580.0 602.9 583.2 606.0 575.0 882.4 265.0
2022-01-18 211932.0 587.0 614.9 614.9 580.0 882.4 265.0
2022-01-19 193561.0 578.0 587.0 596.0 570.4 882.4 265.0
2022-01-20 165848.0 596.0 577.0 598.0 571.0 882.4 265.0
2022-01-23 131384.0 585.0 604.0 607.9 583.0 882.4 284.0
2022-01-24 322001.0 558.0 585.0 585.0 550.0 882.4 284.0
2022-01-25 155695.0 553.0 558.0 571.0 540.0 882.4 284.0
2022-01-26 141732.0 540.0 547.0 555.0 535.2 882.4 284.0
2022-01-27 80899.0 541.0 540.0 549.0 539.0 882.4 284.0
2022-01-30 185790.0 581.0 551.0 582.0 551.0 882.4 284.0
2022-01-31 155740.0 579.9 592.6 592.6 570.0 882.4 284.0
2022-02-01 402686.0 600.0 590.0 605.0 570.0 882.4 287.0
2022-02-03 391839.0 601.0 612.0 624.0 600.0 882.4 300.0
2022-02-06 245787.0 583.2 601.0 601.0 578.2 882.4 300.0
2022-02-07 184107.0 578.9 571.6 589.9 571.6 882.4 300.0
2022-02-09 88804.0 566.5 565.0 580.0 561.6 882.4 300.0
2022-02-10 95207.0 559.3 565.0 573.0 555.0 882.4 300.0
2022-02-13 181856.0 534.0 548.2 548.9 533.0 882.4 300.0
2022-02-14 94614.0 533.0 534.0 544.6 529.0 882.4 300.0
2022-02-15 87996.0 556.0 542.0 556.9 533.0 882.4 300.0
2022-02-16 69713.0 543.0 565.0 566.0 540.1 882.4 300.0
2022-02-17 67702.0 544.0 544.0 548.8 534.5 882.4 300.0
2022-02-20 125018.0 538.0 533.2 550.0 515.5 882.4 300.0
2022-02-21 58823.0 544.0 536.0 545.0 529.0 882.4 300.0
2022-02-22 64126.0 548.0 550.0 557.0 545.1 882.4 300.0
