2021-11-16 2390.0 1519.0 1435.0 1522.0 1435.0 2101.2 830.0
2021-11-17 1023.0 1480.0 1547.0 1547.0 1475.1 2101.2 830.0
2021-11-18 593.0 1460.0 1460.0 1495.0 1452.0 2101.2 830.0
2021-11-21 329.0 1450.0 1489.0 1489.0 1432.8 2101.2 830.0
2021-11-22 714.0 1436.1 1470.0 1478.0 1431.0 2101.2 830.0
2021-11-23 1156.0 1429.9 1407.5 1466.0 1407.5 2101.2 830.0
2021-11-24 1302.0 1407.0 1440.0 1440.0 1400.0 2101.2 830.0
2021-11-25 650.0 1412.0 1408.0 1425.0 1400.2 2101.2 830.0
2021-11-28 3010.0 1356.0 1400.0 1400.0 1356.0 2101.2 830.0
2021-11-29 881.0 1360.0 1380.0 1380.0 1336.0 2101.2 830.0
2021-11-30 1683.0 1350.0 1360.0 1360.0 1330.0 2101.2 830.0
2021-12-01 1392.0 1338.0 1350.0 1356.0 1332.0 2101.2 850.0
2021-12-02 1307.0 1325.0 1337.0 1351.0 1313.0 2101.2 850.0
2021-12-05 3500.0 1280.0 1300.0 1300.0 1274.0 2101.2 850.0
2021-12-06 1251.0 1300.0 1256.0 1300.0 1235.1 2101.2 850.0
2021-12-07 1398.0 1279.0 1326.0 1350.0 1279.0 2101.2 850.0
2021-12-08 741.0 1265.0 1299.0 1299.0 1265.0 2101.2 867.0
2021-12-09 900.0 1261.0 1290.0 1290.0 1252.6 2101.2 867.0
2021-12-12 560.0 1228.0 1260.0 1280.0 1228.0 2101.2 877.0
2021-12-13 1445.00 1176.0 1204.0 1204.0 1176.0 2101.2 877.0
2021-12-14 297.00 1293.6 1181.0 1293.6 1181.0 2101.2 877.0
2021-12-15 2892.00 1315.0 1319.0 1350.0 1291.0 2101.2 877.0
2021-12-16 823.0 1306.0 1289.0 1306.6 1281.0 2101.2 877.0
2021-12-20 770.0 1315.0 1306.0 1315.0 1291.0 2101.2 877.0
2021-12-21 833.0 1325.0 1320.0 1350.0 1300.0 2101.2 877.0
2021-12-22 2790.0 1405.0 1310.0 1415.0 1301.1 2101.2 877.0
2021-12-23 1610.0 1400.0 1407.0 1420.0 1375.0 2101.2 877.0
2021-12-26 2662.0 1433.0 1400.0 1441.0 1400.0 2101.2 877.0
2021-12-27 2980.0 1390.0 1433.0 1450.0 1387.0 2101.2 877.0
2021-12-28 2178.0 1417.8 1390.0 1417.8 1389.0 2101.2 902.0
2021-12-29 967.0 1415.0 1392.0 1430.0 1392.0 2101.2 905.0
2022-01-02 4502.0 1438.0 1415.0 1440.0 1400.0 2101.2 985.0
2022-01-03 6071.0 1518.7 1417.0 1522.0 1417.0 2101.2 985.0
2022-01-04 947.0 1508.0 1501.0 1520.0 1486.0 2101.2 1086.0
2022-01-05 3593.0 1460.0 1493.0 1504.0 1455.0 2101.2 1100.0
2022-01-06 1842.0 1487.0 1431.0 1488.0 1431.0 2101.2 1141.0
2022-01-09 2544.0 1519.0 1510.0 1525.0 1490.0 2101.2 1176.0
2022-01-10 1700.0 1525.0 1519.0 1548.0 1504.5 2101.2 1176.0
2022-01-11 10010.0 1604.0 1520.0 1611.6 1520.0 2101.2 1176.0
2022-01-12 9721.0 1572.1 1600.0 1635.0 1572.1 2101.2 1176.0
2022-01-13 4355.0 1650.0 1571.0 1650.0 1551.0 2101.2 1176.0
2022-01-16 8506.0 1714.0 1618.0 1744.0 1618.0 2101.2 1176.0
2022-01-17 5963.0 1720.0 1730.0 1740.0 1665.0 2101.2 1176.0
2022-01-18 5001.0 1712.0 1710.0 1730.0 1680.0 2101.2 1176.0
2022-01-19 2461.0 1700.0 1700.0 1725.0 1678.0 2101.2 1176.0
2022-01-20 2082.0 1730.0 1670.0 1730.0 1660.0 2101.2 1176.0
2022-01-23 6565.0 1691.0 1750.0 1750.0 1660.0 2101.2 1176.0
2022-01-24 8831.0 1571.0 1660.0 1660.0 1571.0 2101.2 1176.0
2022-01-25 5783.0 1610.0 1572.0 1656.0 1572.0 2101.2 1176.0
2022-01-26 3449.0 1576.0 1610.0 1610.0 1570.0 2101.2 1176.0
2022-01-27 3972.0 1585.0 1607.0 1607.0 1581.0 2101.2 1176.0
2022-01-30 5022.0 1613.0 1616.0 1650.0 1600.0 2101.2 1176.0
2022-01-31 2435.0 1600.0 1620.0 1629.0 1582.0 2101.2 1176.0
2022-02-01 10208.0 1620.0 1600.0 1625.0 1576.0 2101.2 1176.0
2022-02-03 4138.0 1620.0 1652.4 1652.4 1591.0 2101.2 1176.0
2022-02-06 2197.0 1576.0 1590.0 1594.0 1570.0 2101.2 1176.0
2022-02-07 8007.0 1569.0 1545.0 1580.0 1520.1 2101.2 1176.0
2022-02-09 842.0 1578.9 1600.0 1600.0 1564.0 2101.2 1176.0
2022-02-10 1245.0 1551.0 1590.0 1590.0 1551.0 2101.2 1176.0
2022-02-13 2589.0 1480.1 1520.0 1525.0 1480.0 2101.2 1176.0
2022-02-14 1604.0 1510.0 1480.0 1510.0 1478.0 2101.2 1176.0
2022-02-15 910.0 1540.0 1510.0 1540.0 1480.1 2101.2 1176.0
2022-02-16 453.0 1515.0 1569.9 1569.9 1510.0 2101.2 1176.0
2022-02-17 1166.0 1540.0 1545.0 1545.0 1486.0 2101.2 1176.0
2022-02-20 1804.0 1505.0 1510.0 1520.0 1470.0 2101.2 1176.0
2022-02-21 1284.0 1520.0 1490.0 1521.0 1490.0 2101.2 1176.0
2022-02-22 885.0 1503.0 1492.0 1525.0 1491.0 2101.2 1176.0
