2021-11-16 14346.0 1293.5 1290.0 1300.0 1272.0 1565.0 770.0
2021-11-17 251115.0 1309.0 1319.3 1398.0 1309.0 1565.0 770.0
2021-11-18 35208.0 1285.0 1335.0 1335.0 1285.0 1565.0 770.0
2021-11-21 27083.0 1270.0 1310.0 1310.0 1252.0 1565.0 785.0
2021-11-22 16073.0 1267.0 1275.1 1300.0 1266.0 1565.0 785.0
2021-11-23 22056.0 1240.0 1251.0 1275.0 1235.0 1565.0 785.0
2021-11-24 11868.0 1245.0 1249.0 1265.0 1230.0 1565.0 792.0
2021-11-25 16407.0 1235.0 1265.0 1265.0 1220.1 1565.0 792.0
2021-11-28 29885.0 1195.0 1250.0 1250.0 1188.0 1565.0 792.0
2021-11-29 12743.0 1175.0 1195.0 1220.0 1167.0 1565.0 792.0
2021-11-30 11409.0 1175.0 1190.0 1199.0 1166.0 1565.0 814.0
2021-12-01 12658.0 1169.0 1180.0 1190.0 1160.0 1565.0 814.0
2021-12-02 17572.0 1150.0 1179.0 1179.0 1145.0 1565.0 814.0
2021-12-05 12702.0 1130.0 1151.0 1154.0 1123.1 1565.0 814.0
2021-12-06 17404.0 1132.0 1125.0 1147.0 1098.0 1565.0 814.0
2021-12-07 16116.0 1120.0 1154.1 1165.0 1120.0 1565.0 814.0
2021-12-08 7944.0 1098.9 1120.0 1130.0 1092.0 1565.0 825.0
2021-12-09 15303.0 1088.9 1090.0 1104.0 1070.0 1565.0 825.0
2021-12-12 26833.0 1033.0 1089.9 1090.0 1022.0 1565.0 825.0
2021-12-13 24595.00 978.0 1013.0 1013.0 978.0 1565.0 825.0
2021-12-14 9119.00 1029.9 997.0 1029.9 997.0 1565.0 825.0
2021-12-15 25258.00 1006.0 1050.0 1053.0 1000.0 1565.0 825.0
2021-12-16 6036.0 1007.0 1000.0 1009.9 990.1 1565.0 825.0
2021-12-20 6000.0 993.0 987.1 1012.0 986.9 1565.0 825.0
2021-12-21 7571.0 1015.0 987.0 1017.0 987.0 1565.0 825.0
2021-12-22 14303.0 1060.0 1035.0 1072.0 1015.0 1565.0 885.0
2021-12-23 11832.0 1080.0 1061.0 1095.0 1040.0 1565.0 889.0
2021-12-26 43361.0 1188.0 1100.0 1188.0 1079.0 1565.0 889.0
2021-12-27 33991.0 1130.0 1211.0 1212.0 1124.0 1565.0 889.0
2021-12-28 18239.0 1125.0 1115.0 1150.0 1088.0 1565.0 889.0
2021-12-29 7301.0 1123.0 1140.0 1145.0 1117.2 1565.0 903.0
2022-01-02 12173.0 1165.0 1145.4 1165.0 1114.0 1565.0 903.0
2022-01-03 23341.0 1171.0 1165.0 1200.0 1163.0 1565.0 903.0
2022-01-04 11524.0 1180.0 1153.0 1190.0 1152.0 1565.0 903.0
2022-01-05 15307.0 1169.9 1197.9 1200.0 1160.0 1565.0 903.0
2022-01-06 8947.0 1180.0 1170.0 1189.0 1168.0 1565.0 903.0
2022-01-09 37401.0 1235.0 1203.0 1257.0 1192.0 1565.0 909.0
2022-01-10 43309.0 1254.0 1259.0 1275.0 1236.0 1565.0 909.0
2022-01-11 43715.0 1290.0 1277.0 1305.0 1255.0 1565.0 909.0
2022-01-12 39672.0 1250.0 1315.8 1315.8 1245.0 1565.0 971.0
2022-01-13 58273.0 1299.0 1275.0 1302.0 1275.0 1565.0 978.0
2022-01-16 59288.0 1334.0 1323.9 1351.3 1323.0 1565.0 978.0
2022-01-17 48327.0 1337.0 1345.0 1355.0 1318.0 1565.0 978.0
2022-01-18 60928.0 1339.0 1345.0 1355.0 1326.0 1565.0 978.0
2022-01-19 29278.0 1327.0 1365.7 1365.7 1313.0 1565.0 978.0
2022-01-20 37239.0 1341.0 1330.0 1350.0 1307.1 1565.0 978.0
2022-01-23 72785.0 1340.0 1360.0 1374.0 1339.3 1565.0 978.0
2022-01-24 66929.0 1305.0 1345.0 1345.0 1295.0 1565.0 978.0
2022-01-25 202758.0 1322.0 1330.0 1350.0 1309.9 1565.0 978.0
2022-01-26 44829.0 1021.0 1078.7 1099.0 1020.0 1565.0 978.0
2022-01-27 16217.0 1009.0 1024.0 1027.0 1002.2 1565.0 978.0
2022-01-30 22771.0 1044.0 1029.1 1070.0 1027.0 1565.0 978.0
2022-01-31 14706.0 1019.0 1051.0 1051.0 1017.0 1565.0 978.0
2022-02-01 14836.0 1025.0 1015.0 1027.0 1010.0 1565.0 978.0
2022-02-03 21071.0 1002.0 1026.0 1031.0 1000.0 1565.0 978.0
2022-02-06 19045.0 995.0 1022.0 1042.0 993.0 1565.0 978.0
2022-02-07 17585.0 1003.0 988.0 1020.0 987.0 1565.0 978.0
2022-02-09 25153.0 973.0 1005.0 1005.0 965.0 1565.0 965.0
2022-02-10 7512.0 966.0 975.1 979.0 960.0 1565.0 960.0
2022-02-13 39421.0 902.0 966.0 966.0 890.1 1565.0 890.1
2022-02-14 14284.0 902.0 884.0 920.0 884.0 1565.0 884.0
2022-02-15 14062.0 922.0 919.8 923.1 902.0 1565.0 884.0
2022-02-16 7003.0 913.0 939.0 939.0 909.0 1565.0 884.0
2022-02-17 9175.0 913.0 913.0 913.0 901.0 1565.0 884.0
2022-02-20 11723.0 890.0 895.0 900.0 880.0 1565.0 880.0
2022-02-21 6564.0 894.0 900.0 900.0 883.0 1565.0 880.0
2022-02-22 9270.0 899.0 900.0 903.1 894.2 1565.0 880.0
