2021-08-03 950319.0 513.0 480.0 515.0 465.0 515.0 105.0 BULLISH BULLISH BULLISH 497.67 480.33 447.67 430.33 530.33 547.67 580.33
2021-08-04 1447672.0 564.3 523.2 564.3 523.2 564.3 105.0 BULLISH BULLISH BULLISH 550.6 536.9 509.5 495.8 578.0 591.7 619.1
2021-08-05 1037392.0 552.0 575.5 587.0 550.1 587.0 105.0 BULLISH BULLISH BULLISH 550.6 536.9 509.5 495.8 578.0 591.7 619.1
2021-08-09 855879.0 631.0 619.3 659.0 611.0 659.0 105.0 BULLISH BULLISH BULLISH 633.67 608.33 585.67 560.33 656.33 681.67 704.33
2021-08-12 660607.0 626.0 640.0 640.0 622.0 659.0 105.0 BULLISH BULLISH BULLISH 629.33 618.67 611.33 600.67 636.67 647.33 654.67
2021-08-15 1175489.0 600.1 613.5 620.0 568.4 659.0 105.0 BEARISH BULLISH BULLISH 596.17 572.33 544.57 520.73 623.93 647.77 675.53
2021-08-16 763623.0 631.8 605.0 640.9 605.0 659.0 105.0 BULLISH BULLISH BULLISH 625.9 610.9 590.0 575.0 646.8 661.8 682.7
2021-08-17 1341240.0 640.0 644.4 670.0 634.0 670.0 107.0 BULLISH BULLISH BULLISH 625.9 610.9 590.0 575.0 646.8 661.8 682.7
2021-08-18 985423.0 630.0 650.0 665.9 625.0 670.0 107.0 BULLISH BULLISH BULLISH 640.3 614.7 599.4 573.8 655.6 681.2 696.5
2021-08-19 596038.0 613.9 630.0 635.0 605.0 670.0 107.0 BEARISH BULLISH BULLISH 617.97 600.93 587.97 570.93 630.93 647.97 660.93
2021-08-24 609900.0 567.0 613.0 613.0 566.0 670.0 107.0 BEARISH BULLISH BULLISH 582.0 551.0 535.0 504.0 598.0 629.0 645.0
