2021-08-03 82350.0 649.0 640.0 654.0 630.0 700.0 82.0 BULLISH BULLISH BULLISH 644.33 634.67 620.33 610.67 658.67 668.33 682.67
2021-08-04 109923.0 658.0 661.0 683.0 650.0 700.0 82.0 BULLISH BULLISH BULLISH 663.67 644.33 630.67 611.33 677.33 696.67 710.33
2021-08-05 103751.0 623.0 665.0 665.0 618.0 700.0 82.0 BEARISH BULLISH BULLISH 663.67 644.33 630.67 611.33 677.33 696.67 710.33
2021-08-09 275310.0 692.0 650.0 701.6 650.0 701.6 82.0 BULLISH BULLISH BULLISH 681.2 660.8 629.6 609.2 712.4 732.8 764.0
2021-08-12 122430.0 692.0 690.0 697.5 664.0 719.0 82.0 BULLISH BULLISH BULLISH 684.5 671.5 651.0 638.0 705.0 718.0 738.5
2021-08-15 114328.0 655.0 692.0 692.0 630.0 719.0 84.0 BEARISH BULLISH BULLISH 659.0 626.0 597.0 564.0 688.0 721.0 750.0
2021-08-16 59813.0 664.1 655.0 676.0 640.0 719.0 84.0 BEARISH BULLISH BULLISH 660.03 644.07 624.03 608.07 680.07 696.03 716.07
2021-08-17 129927.0 694.0 677.0 714.9 665.0 719.0 84.0 BULLISH BULLISH BULLISH 660.03 644.07 624.03 608.07 680.07 696.03 716.07
2021-08-18 205069.0 750.0 707.8 763.4 704.9 763.4 84.0 BULLISH BULLISH BULLISH 739.43 715.47 680.93 656.97 773.97 797.93 832.47
2021-08-19 124161.0 696.0 735.0 758.0 686.0 763.4 85.0 BULLISH BULLISH BULLISH 713.33 668.67 641.33 596.67 740.67 785.33 812.67
2021-08-24 92501.0 645.0 683.0 703.8 645.0 763.4 85.0 BEARISH BEARISH BULLISH 664.6 625.4 605.8 566.6 684.2 723.4 743.0
