2021-11-16 1563.0 5605.0 5300.0 5803.0 5300.0 8208.0 2400.0
2021-11-17 685.0 5557.0 5717.0 5717.0 5552.0 8208.0 2400.0
2021-11-18 220.0 5390.0 5450.0 5559.0 5390.0 8208.0 2400.0
2021-11-21 357.0 5311.0 5396.0 5503.0 5306.0 8208.0 2400.0
2021-11-22 387.0 5400.0 5417.0 5417.0 5205.0 8208.0 2400.0
2021-11-23 295.0 5330.0 5400.0 5400.0 5280.0 8208.0 2400.0
2021-11-24 762.0 5250.0 5300.0 5300.0 5217.0 8208.0 2400.0
2021-11-25 123.0 5250.0 5327.8 5327.8 5200.0 8208.0 2400.0
2021-11-28 624.0 5100.0 5250.0 5260.0 5100.0 8208.0 2400.0
2021-11-29 830.0 5100.0 5201.0 5210.0 5080.0 8208.0 2400.0
2021-11-30 82.0 5090.0 5100.0 5100.0 5090.0 8208.0 2400.0
2021-12-01 380.0 5100.0 5191.0 5200.0 5100.0 8208.0 2400.0
2021-12-02 200.0 5006.0 5050.0 5056.0 5005.1 8208.0 2400.0
2021-12-05 323.0 4902.0 5000.0 5000.0 4900.0 8208.0 2400.0
2021-12-06 415.0 5000.0 4900.0 5000.0 4800.0 8208.0 2400.0
2021-12-07 402.0 4899.1 5100.0 5100.0 4899.1 8208.0 2400.0
2021-12-08 180.0 4690.0 4805.0 4805.0 4690.0 8208.0 2400.0
2021-12-09 240.0 4648.5 4690.0 4743.0 4597.0 8208.0 2400.0
2021-12-12 829.0 4372.0 4600.0 4600.0 4294.0 8208.0 2400.0
2021-12-13 897.00 4000.1 4285.0 4320.0 4000.1 8208.0 2400.0
2021-12-14 569.00 4400.1 4002.0 4400.1 4000.0 8208.0 2400.0
2021-12-15 620.00 4629.0 4488.1 4669.3 4400.0 8208.0 2400.0
2021-12-16 410.0 4450.0 4536.5 4536.5 4295.0 8208.0 2400.0
2021-12-20 366.0 4400.0 4365.0 4410.0 4193.0 8208.0 2400.0
2021-12-21 763.0 4500.0 4488.0 4500.0 4400.0 8208.0 2400.0
2021-12-22 1047.0 4844.0 4550.0 4850.1 4550.0 8208.0 2541.0
2021-12-23 1077.0 4948.0 4870.0 5170.0 4800.0 8208.0 2541.0
2021-12-26 565.0 4802.0 5030.0 5130.0 4802.0 8208.0 2541.0
2021-12-27 1185.0 4815.0 4898.0 5004.0 4810.0 8208.0 2541.0
2021-12-28 414.0 4750.0 4899.0 4899.0 4750.0 8208.0 2541.0
2021-12-29 395.0 4855.0 4835.0 4936.8 4835.0 8208.0 2548.0
2022-01-02 500.0 4850.0 4838.1 4880.0 4834.0 8208.0 2720.0
2022-01-03 267.0 4902.0 4945.5 5246.8 4880.0 8208.0 2720.0
2022-01-04 710.0 5000.0 4999.9 5100.0 4945.0 8208.0 2738.0
2022-01-05 660.0 5202.0 4950.0 5202.0 4901.0 8208.0 2738.0
2022-01-06 449.0 5090.0 5098.0 5100.0 5031.0 8208.0 2748.0
2022-01-09 1146.0 5125.1 5191.8 5202.0 5100.0 8208.0 2748.0
2022-01-10 420.0 5098.0 5203.0 5203.0 5096.0 8208.0 2748.0
2022-01-11 519.0 5200.0 5199.0 5246.0 5160.0 8208.0 2750.0
2022-01-12 1263.0 5250.0 5300.3 5525.0 5186.5 8208.0 2750.0
2022-01-13 753.0 5488.0 5250.0 5618.0 5165.0 8208.0 2753.0
2022-01-16 1395.0 5550.0 5597.0 5763.0 5488.0 8208.0 2753.0
2022-01-17 354.0 5518.0 5500.0 5600.0 5392.0 8208.0 2753.0
2022-01-18 512.0 5349.0 5598.0 5599.0 5272.0 8208.0 2775.0
2022-01-19 612.0 5190.0 5260.0 5455.0 5190.0 8208.0 2850.0
2022-01-20 565.0 5275.0 5190.0 5293.8 5190.0 8208.0 2850.0
2022-01-23 305.0 5267.0 5380.0 5400.0 5267.0 8208.0 2850.0
2022-01-24 1600.0 5000.0 5200.0 5200.0 4950.0 8208.0 2850.0
2022-01-25 387.0 5100.0 5095.0 5200.0 4993.0 8208.0 2850.0
2022-01-26 602.0 5100.0 5000.0 5100.0 4900.0 8208.0 2850.0
2022-01-27 270.0 5050.0 4999.0 5100.0 4992.0 8208.0 2850.0
2022-01-30 913.0 5198.0 5151.0 5250.0 5055.0 8208.0 2850.0
2022-01-31 1318.0 5200.0 5210.0 5320.0 5200.0 8208.0 2850.0
2022-02-01 290.0 5180.0 5200.0 5250.0 5145.0 8208.0 3024.0
2022-02-03 513.0 5130.0 5200.0 5285.0 5130.0 8208.0 3024.0
2022-02-06 528.0 5030.0 5230.0 5330.0 5029.1 8208.0 3024.0
2022-02-07 660.0 5025.1 5130.0 5230.0 4975.1 8208.0 3024.0
2022-02-09 228.0 5000.0 5000.0 5090.0 5000.0 8208.0 3024.0
2022-02-10 50.0 5025.0 5099.0 5099.0 5000.0 8208.0 3024.0
2022-02-13 793.0 4850.0 4950.1 5000.0 4802.0 8208.0 3024.0
2022-02-14 160.0 4851.0 4945.0 4945.0 4800.0 8208.0 3024.0
2022-02-15 178.0 4845.0 4755.0 4850.1 4755.0 8208.0 3024.0
2022-02-16 421.0 4800.0 4850.0 4990.0 4800.0 8208.0 3024.0
2022-02-17 541.0 4735.0 4721.0 4834.0 4720.0 8208.0 3024.0
2022-02-20 581.0 4650.0 4700.0 4770.0 4640.3 8208.0 3024.0
2022-02-21 450.0 4750.0 4715.0 4750.0 4625.0 8208.0 3024.0
2022-02-22 447.0 4860.0 4845.0 4860.0 4749.0 8208.0 3024.0
