2021-11-16 48183.0 555.0 551.5 562.0 529.0 630.0 122.0
2021-11-17 46516.0 552.0 566.0 580.0 548.9 630.0 122.0
2021-11-18 31487.0 538.0 541.0 556.0 530.2 630.0 122.0
2021-11-21 23108.0 538.0 537.9 556.0 535.0 630.0 122.0
2021-11-22 18491.0 538.0 548.0 550.0 538.0 630.0 122.0
2021-11-23 37255.0 521.0 536.9 536.9 518.0 630.0 122.0
2021-11-24 20797.0 530.0 525.0 549.0 512.0 630.0 122.0
2021-11-25 20704.0 523.1 535.0 540.0 521.4 630.0 122.0
2021-11-28 33908.0 506.0 516.5 535.5 502.0 630.0 122.0
2021-11-29 27525.0 509.0 506.0 516.1 497.0 630.0 122.0
2021-11-30 17738.0 516.0 511.0 518.0 506.1 630.0 122.0
2021-12-01 11490.0 515.0 526.0 526.0 515.0 630.0 122.0
2021-12-02 30627.0 498.0 515.0 515.0 497.0 630.0 122.0
2021-12-05 36689.0 474.0 499.0 500.0 468.0 630.0 122.0
2021-12-06 42275.0 489.0 480.0 497.7 442.0 630.0 122.0
2021-12-07 22894.0 470.0 498.5 508.9 469.0 630.0 122.0
2021-12-08 21734.0 448.5 470.0 480.0 448.0 630.0 122.0
2021-12-09 23709.0 448.0 450.0 458.9 435.0 630.0 122.0
2021-12-12 25462.0 419.0 448.0 448.0 419.0 630.0 122.0
2021-12-13 45155.00 390.0 411.0 415.0 383.0 630.0 122.0
2021-12-14 23521.00 429.0 397.0 429.0 397.0 630.0 122.0
2021-12-15 56713.00 457.0 437.0 471.9 432.0 630.0 122.0
2021-12-16 18583.0 444.0 458.0 464.0 438.0 630.0 122.0
2021-12-20 10987.0 435.0 450.0 450.0 425.0 630.0 122.0
2021-12-21 13352.0 442.0 443.0 451.0 434.0 630.0 122.0
2021-12-22 30899.0 472.0 450.0 474.0 450.0 630.0 122.0
2021-12-23 35749.0 470.0 480.0 494.1 463.0 630.0 122.0
2021-12-26 16562.0 460.1 473.0 474.0 456.0 630.0 122.0
2021-12-27 26037.0 433.0 460.0 475.0 433.0 630.0 122.0
2021-12-28 30045.0 447.0 433.0 455.5 424.4 630.0 122.0
2021-12-29 13843.0 440.0 452.0 455.0 438.0 630.0 122.0
2022-01-02 10000.0 438.1 438.0 447.9 433.0 630.0 129.0
2022-01-03 18546.0 442.0 445.0 454.0 440.0 630.0 129.0
2022-01-04 24848.0 456.0 450.0 459.0 444.0 630.0 133.0
2022-01-05 59998.0 460.0 465.0 477.0 448.0 630.0 135.0
2022-01-06 30925.0 474.0 450.8 475.0 450.8 630.0 135.0
2022-01-09 69195.0 495.0 482.9 504.0 480.2 630.0 136.0
2022-01-10 76998.0 508.0 504.9 528.0 500.0 630.0 136.0
2022-01-11 53211.0 525.0 502.0 538.5 498.0 630.0 137.0
2022-01-12 82220.0 504.0 535.0 545.0 500.0 630.0 138.0
2022-01-13 63273.0 520.0 510.0 525.0 501.0 630.0 143.0
2022-01-16 61015.0 530.0 525.0 550.8 524.0 630.0 145.0
2022-01-17 104217.0 555.0 540.0 569.0 519.4 630.0 145.0
2022-01-18 107460.0 560.0 565.0 577.0 545.1 630.0 148.0
2022-01-19 97672.0 554.0 570.0 570.0 546.0 630.0 148.0
2022-01-20 75456.0 563.0 544.0 565.0 543.0 630.0 151.0
2022-01-23 118194.0 539.0 574.0 574.0 538.1 630.0 151.0
2022-01-24 77496.0 514.0 539.0 539.0 505.0 630.0 151.0
2022-01-25 41230.0 509.0 510.0 527.2 505.0 630.0 151.0
2022-01-26 53550.0 494.0 517.0 517.0 485.0 630.0 151.0
2022-01-27 25695.0 496.0 485.0 503.0 485.0 630.0 151.0
2022-01-30 53378.0 526.8 505.0 535.8 505.0 630.0 151.0
2022-01-31 27842.0 517.0 530.0 536.0 508.0 630.0 151.0
2022-02-01 34954.0 520.6 520.0 528.0 513.0 630.0 151.0
2022-02-03 37500.0 516.1 531.0 532.0 516.0 630.0 151.0
2022-02-06 27430.0 508.0 513.0 514.0 504.0 630.0 151.0
2022-02-07 20398.0 511.0 518.1 518.1 500.0 630.0 151.0
2022-02-09 14129.0 499.1 506.0 509.8 498.0 630.0 151.0
2022-02-10 22534.0 495.0 499.0 509.0 491.0 630.0 151.0
2022-02-13 44281.0 473.0 495.0 495.0 467.0 630.0 151.0
2022-02-14 21098.0 474.0 482.0 489.0 465.3 630.0 151.0
2022-02-15 22261.0 490.0 482.9 490.1 473.0 630.0 151.0
2022-02-16 16798.0 482.0 499.0 499.0 475.0 630.0 151.0
2022-02-17 8123.0 475.0 485.0 485.0 475.0 630.0 151.0
2022-02-20 33847.0 465.3 465.5 471.2 456.2 630.0 151.0
2022-02-21 9350.0 469.0 474.0 479.0 466.1 630.0 151.0
2022-02-22 27305.0 483.0 466.0 490.0 466.0 630.0 151.0
