2022-01-18 61.0 261.7 246.7 261.7 246.7 261.7 246.7
2022-01-19 51.0 287.8 266.9 287.8 266.9 287.8 246.7
2022-01-20 70.0 316.5 293.5 316.5 293.5 316.5 246.7
2022-01-23 130.0 348.1 322.0 348.1 322.0 348.1 246.7
2022-01-24 140.0 382.9 355.0 382.9 355.0 382.9 246.7
2022-01-25 5584.0 421.1 390.5 421.1 390.5 421.1 246.7
2022-01-26 820.0 463.2 425.0 463.2 425.0 463.2 246.7
2022-01-27 2810.0 509.5 472.4 509.5 472.4 509.5 246.7
2022-01-30 33715.0 560.4 519.6 560.4 509.0 560.4 246.7
2022-01-31 29721.0 616.4 571.6 616.4 560.0 616.4 246.7
2022-02-01 8999.0 678.0 628.7 678.0 620.0 678.0 246.7
2022-02-03 46157.0 744.0 678.0 744.0 640.0 744.0 246.7
2022-02-06 24660.0 700.0 744.0 744.0 673.0 744.0 246.7
2022-02-07 29925.0 668.0 686.0 724.2 652.8 744.0 246.7
2022-02-09 14439.0 686.0 734.0 734.0 675.3 744.0 246.7
2022-02-10 13244.0 665.0 686.0 690.0 650.0 744.0 246.7
2022-02-13 12863.0 615.0 651.7 651.7 615.0 744.0 246.7
2022-02-14 7814.0 665.0 610.0 665.0 600.0 744.0 246.7
2022-02-15 9550.0 685.0 678.3 685.0 631.0 744.0 246.7
2022-02-16 11600.0 646.0 671.3 692.5 646.0 744.0 246.7
2022-02-17 13685.0 620.0 640.0 646.0 619.0 744.0 246.7
2022-02-20 8903.0 625.0 607.6 640.0 590.0 744.0 246.7
2022-02-21 20037.0 667.0 620.0 675.0 620.0 744.0 246.7
2022-02-22 24504.0 693.0 665.0 708.9 665.0 744.0 246.7
