2021-11-16 1461.0 14051.0 13267.6 14308.2 13267.6 14308.2 7832.0
2021-11-17 423.0 13001.0 14100.0 14200.0 13000.0 14308.2 7832.0
2021-11-18 771.0 13150.0 13050.0 13459.9 12741.0 14308.2 7832.0
2021-11-21 222.0 13169.0 13400.0 13413.0 12887.0 14308.2 8000.0
2021-11-22 368.0 13110.0 12905.7 13160.0 12905.7 14308.2 8000.0
2021-11-23 180.0 13000.0 12851.0 13108.0 12851.0 14308.2 8000.0
2021-11-24 210.0 12750.0 12995.1 12999.0 12507.0 14308.2 8000.0
2021-11-25 260.0 12604.0 12750.0 12800.0 12604.0 14308.2 8000.0
2021-11-28 519.0 12105.0 12799.0 12856.0 12105.0 14308.2 8000.0
2021-11-29 570.0 11867.0 12347.1 12347.1 11863.0 14308.2 8000.0
2021-11-30 266.0 11855.0 11650.0 11859.0 11630.0 14308.2 8000.0
2021-12-01 93.0 12200.0 11999.0 12200.0 11999.0 14308.2 8000.0
2021-12-02 438.0 11720.0 12442.0 12442.0 11715.0 14308.2 8000.0
2021-12-05 130.0 11735.1 11900.0 12193.0 11505.0 14308.2 8000.0
2021-12-06 691.0 12600.0 11899.0 12600.0 11282.0 14308.2 8000.0
2021-12-07 570.0 12577.4 12840.0 13095.0 12577.4 14308.2 8000.0
2021-12-08 675.0 12000.0 12330.0 12820.0 12000.0 14308.2 8000.0
2021-12-09 190.0 12380.0 11760.0 12380.0 11560.2 14308.2 8000.0
2021-12-12 460.0 11613.0 12226.0 12226.0 11613.0 14308.2 8000.0
2021-12-13 310.00 12240.0 11845.2 12324.0 11845.2 14308.2 8000.0
2021-12-14 105.00 12500.0 12484.0 12500.0 12484.0 14308.2 8000.0
2021-12-15 105.00 12500.0 12750.0 12750.0 12496.0 14308.2 8000.0
2021-12-16 50.0 12020.0 12251.0 12252.0 12006.0 14308.2 8000.0
2021-12-20 1121.0 12000.0 11780.0 12000.0 11088.7 14308.2 8000.0
2021-12-21 1101.0 12600.0 11775.0 12820.0 11775.0 14308.2 8000.0
2021-12-22 265.0 13280.0 12650.0 13424.0 12650.0 14308.2 8115.0
2021-12-23 718.0 13300.0 13015.0 13300.0 12800.0 14308.2 8115.0
2021-12-26 1484.0 14598.0 13566.0 14630.0 13566.0 14630.0 8115.0
2021-12-27 1285.0 14850.0 14889.0 16000.0 14850.0 16000.0 8115.0
2021-12-28 431.0 15100.0 15147.0 15270.0 14845.0 16000.0 8115.0
2021-12-29 1014.0 15199.0 14798.0 16000.0 14550.0 16000.0 8225.0
2022-01-02 1050.0 15580.0 15400.0 16116.0 14895.1 16116.0 8328.0
2022-01-03 1191.0 16399.0 15891.6 17100.0 15239.0 17100.0 8328.0
2022-01-04 550.0 16163.7 16700.0 17670.0 16163.7 17670.0 8328.0
2022-01-05 1474.0 15950.0 16400.0 16400.0 15533.0 17670.0 8328.0
2022-01-06 331.0 15700.0 16250.0 16250.0 15700.0 17670.0 8328.0
2022-01-09 500.0 15573.0 16000.0 16645.0 15573.0 17670.0 8328.0
2022-01-10 950.0 15483.8 15884.0 16525.0 14943.9 17670.0 8328.0
2022-01-11 1370.0 15351.0 15175.1 15786.0 15050.0 17670.0 8328.0
2022-01-12 2066.0 15649.0 15658.0 16100.0 15044.0 17670.0 8328.0
2022-01-13 240.0 15636.9 15961.9 15961.9 15100.0 17670.0 8328.0
2022-01-16 845.0 15172.0 15499.0 15500.0 14926.0 17670.0 8328.0
2022-01-17 255.0 15299.0 15164.0 15340.0 15064.0 17670.0 8328.0
2022-01-18 180.0 15000.0 14995.0 15060.0 14995.0 17670.0 8328.0
2022-01-19 554.0 14670.0 15244.9 15244.9 14670.0 17670.0 8328.0
2022-01-20 2157.0 14400.0 14501.0 14790.0 14161.0 17670.0 8328.0
2022-01-23 1638.0 14800.0 14260.0 15385.0 14260.0 17670.0 8328.0
2022-01-24 419.0 14400.0 14950.0 14950.0 14300.0 17670.0 8328.0
2022-01-25 710.0 14200.0 14500.0 14660.0 14200.0 17670.0 8328.0
2022-01-26 580.0 14000.0 13950.0 14200.0 13900.0 17670.0 8328.0
2022-01-27 323.0 14300.0 14280.0 14400.0 14125.0 17670.0 8328.0
2022-01-30 570.0 14798.9 14586.0 14877.7 14585.0 17670.0 8328.0
2022-01-31 790.0 14892.0 14505.1 14892.0 14350.0 17670.0 8328.0
2022-02-01 300.0 14696.0 14800.0 14997.7 14650.0 17670.0 8328.0
2022-02-03 360.0 14500.0 14700.0 14785.0 14500.0 17670.0 8328.0
2022-02-06 184.0 14291.0 14210.0 14494.2 14210.0 17670.0 8328.0
2022-02-07 533.0 14950.0 14101.0 14998.0 14006.1 17670.0 8328.0
2022-02-09 583.0 14300.0 14105.0 14484.0 14092.0 17670.0 8328.0
2022-02-10 823.0 14270.0 14586.0 14586.0 14000.0 17670.0 8328.0
2022-02-13 702.0 13801.0 14060.0 14060.0 13800.0 17670.0 8328.0
2022-02-14 230.0 13867.0 13845.0 14119.9 13845.0 17670.0 8328.0
2022-02-15 120.0 14100.0 14144.0 14300.0 14000.0 17670.0 8328.0
2022-02-16 100.0 14170.0 14101.1 14170.0 14020.0 17670.0 8328.0
2022-02-17 110.0 14130.0 13905.0 14160.0 13905.0 17670.0 8328.0
2022-02-20 377.0 13815.0 13847.4 14050.0 13770.0 17670.0 8328.0
2022-02-21 771.0 14000.0 13622.0 14002.0 13622.0 17670.0 8328.0
2022-02-22 178.0 13882.1 13900.0 14126.0 13850.0 17670.0 8328.0
