2021-11-16 46798.0 338.0 332.0 338.0 325.0 433.2 236.0
2021-11-17 40000.0 340.0 342.0 342.0 338.0 433.2 236.0
2021-11-18 34388.0 334.1 341.0 342.0 334.0 433.2 236.0
2021-11-21 34696.0 338.0 334.1 339.0 333.0 433.2 236.0
2021-11-22 51675.0 339.7 338.0 341.7 338.0 433.2 236.0
2021-11-23 37507.0 337.0 342.5 342.5 335.0 433.2 236.0
2021-11-24 36015.0 336.5 340.0 340.0 330.0 433.2 236.0
2021-11-25 157242.0 341.0 338.0 345.0 336.0 433.2 236.0
2021-11-28 74634.0 295.0 305.0 305.0 294.0 433.2 236.0
2021-11-29 28744.0 290.0 294.0 295.8 287.1 433.2 236.0
2021-11-30 28457.0 282.0 291.0 291.0 279.3 433.2 236.0
2021-12-01 32857.0 279.0 285.0 285.0 278.6 433.2 236.0
2021-12-02 38523.0 272.0 279.0 280.0 270.0 433.2 236.0
2021-12-05 33716.0 262.0 272.0 275.0 261.8 433.2 236.0
2021-12-06 36248.0 267.0 260.0 267.0 252.0 433.2 236.0
2021-12-07 30787.0 268.1 272.3 274.0 268.0 433.2 236.0
2021-12-08 19994.0 265.0 265.0 268.0 262.9 433.2 236.0
2021-12-09 23833.0 262.5 265.0 266.0 259.7 433.2 236.0
2021-12-12 36608.0 251.1 264.0 264.0 251.1 433.2 236.0
2021-12-13 31386.00 246.0 250.0 250.0 240.2 433.2 236.0
2021-12-14 20108.00 258.0 250.0 258.0 246.0 433.2 236.0
2021-12-15 39072.00 258.9 263.0 270.0 256.3 433.2 236.0
2021-12-16 21503.0 254.0 258.9 258.9 253.0 433.2 236.0
2021-12-20 29390.0 248.0 259.0 259.0 246.3 433.2 236.0
2021-12-21 23675.0 254.0 252.0 255.0 250.0 433.2 236.0
2021-12-22 32410.0 261.0 259.0 264.0 255.0 433.2 240.2
2021-12-23 32047.0 264.0 266.2 268.0 260.0 433.2 240.2
2021-12-26 47457.0 271.0 266.0 271.3 265.2 433.2 240.2
2021-12-27 36037.0 268.0 270.0 275.0 267.0 433.2 240.2
2021-12-28 21945.0 262.0 266.0 268.0 259.7 433.2 240.2
2021-12-29 25584.0 265.0 267.0 267.1 262.0 433.2 240.2
2022-01-02 21592.0 269.0 265.0 269.8 261.1 433.2 240.2
2022-01-03 32290.0 274.0 269.0 274.3 266.0 433.2 240.2
2022-01-04 59764.0 291.0 275.0 291.0 273.1 433.2 240.2
2022-01-05 47134.0 282.0 296.8 296.8 282.0 433.2 240.2
2022-01-06 43100.0 291.9 281.0 292.0 281.0 433.2 240.2
2022-01-09 58429.0 300.9 295.0 300.9 293.1 433.2 240.2
2022-01-10 57373.0 296.0 301.0 304.5 293.1 433.2 240.2
2022-01-11 32036.0 297.0 295.0 298.0 292.0 433.2 240.2
2022-01-12 64071.0 298.0 297.0 303.0 292.0 433.2 240.2
2022-01-13 48560.0 300.0 300.0 300.0 290.0 433.2 240.2
2022-01-16 137560.0 317.4 306.0 318.0 305.1 433.2 240.2
2022-01-17 39437.0 317.9 321.0 321.0 315.0 433.2 240.2
2022-01-18 90351.0 319.9 318.0 330.0 312.0 433.2 240.2
2022-01-19 47069.0 318.0 326.0 326.0 315.0 433.2 240.2
2022-01-20 41551.0 317.0 312.5 317.0 310.0 433.2 240.2
2022-01-23 39106.0 308.1 323.3 323.3 307.9 433.2 240.2
2022-01-24 61509.0 299.9 314.2 314.2 295.0 433.2 240.2
2022-01-25 44713.0 296.0 305.8 305.8 288.3 433.2 240.2
2022-01-26 32678.0 288.2 295.0 295.0 287.6 433.2 240.2
2022-01-27 26226.0 285.1 290.0 290.0 285.1 433.2 240.2
2022-01-30 42488.0 298.0 287.0 303.0 287.0 433.2 240.2
2022-01-31 17442.0 292.1 300.0 300.0 292.0 433.2 240.2
2022-02-01 26993.0 294.5 295.0 297.0 290.0 433.2 240.2
2022-02-03 27569.0 292.2 300.0 305.0 292.0 433.2 240.2
2022-02-06 31463.0 291.0 292.0 295.0 288.0 433.2 240.2
2022-02-07 38993.0 290.0 285.3 292.0 285.3 433.2 240.2
2022-02-09 34595.0 287.0 287.0 291.0 285.0 433.2 240.2
2022-02-10 31322.0 286.0 292.0 292.0 283.0 433.2 240.2
2022-02-13 36018.0 279.0 282.0 283.0 277.0 433.2 240.2
2022-02-14 30133.0 277.0 276.0 281.6 274.0 433.2 240.2
2022-02-15 29725.0 280.5 275.0 280.5 275.0 433.2 240.2
2022-02-16 17973.0 282.0 280.0 284.0 276.0 433.2 240.2
2022-02-17 22271.0 279.4 280.0 285.0 279.4 433.2 240.2
2022-02-20 35074.0 272.0 277.0 277.0 271.7 433.2 240.2
2022-02-21 22471.0 275.0 271.8 275.0 271.0 433.2 240.2
2022-02-22 24183.0 277.0 279.0 279.0 274.0 433.2 240.2
