2021-11-16 23969.0 519.0 506.0 521.0 505.0 703.0 380.0
2021-11-17 24779.0 520.0 529.0 539.0 520.0 703.0 380.0
2021-11-18 21435.0 510.0 510.0 527.0 510.0 703.0 380.0
2021-11-21 9125.0 515.0 515.0 520.0 505.2 703.0 380.0
2021-11-22 12563.0 512.0 516.0 520.0 509.0 703.0 380.0
2021-11-23 28559.0 498.0 513.0 513.0 495.0 703.0 380.0
2021-11-24 19888.0 505.0 496.0 505.0 488.3 703.0 380.0
2021-11-25 12903.0 500.0 505.0 509.9 497.1 703.0 380.0
2021-11-28 23936.0 485.0 491.0 495.0 481.0 703.0 380.0
2021-11-29 8273.0 484.9 485.0 491.0 479.0 703.0 380.0
2021-11-30 13510.0 484.0 490.0 493.0 479.0 703.0 380.0
2021-12-01 18662.0 480.2 485.2 490.0 480.2 703.0 380.0
2021-12-02 22515.0 476.0 482.0 489.7 475.0 703.0 380.0
2021-12-05 25478.0 460.0 480.0 484.0 457.1 703.0 380.0
2021-12-06 33393.0 472.0 455.0 474.0 436.0 703.0 380.0
2021-12-07 12075.0 463.0 479.8 480.0 463.0 703.0 380.0
2021-12-08 18406.0 445.0 461.6 465.0 442.9 703.0 380.0
2021-12-09 15036.0 445.0 439.0 447.7 434.0 703.0 380.0
2021-12-12 26411.0 430.0 440.0 453.0 429.3 703.0 380.0
2021-12-13 29900.00 409.0 422.0 422.0 398.0 703.0 380.0
2021-12-14 13983.00 438.6 417.1 438.6 412.0 703.0 380.0
2021-12-15 74933.00 462.9 447.0 482.4 445.0 703.0 380.0
2021-12-16 27424.0 460.0 465.0 470.0 458.0 703.0 380.0
2021-12-20 19440.0 451.0 468.0 469.0 449.6 703.0 380.0
2021-12-21 8570.0 458.0 454.0 459.0 451.1 703.0 380.0
2021-12-22 35034.0 470.0 467.1 474.0 458.0 703.0 380.0
2021-12-23 58628.0 482.6 479.0 498.0 471.0 703.0 380.0
2021-12-26 37420.0 432.0 438.0 438.0 430.0 703.0 380.0
2021-12-27 24642.0 416.0 430.0 430.0 416.0 703.0 380.0
2021-12-28 18752.0 409.1 416.0 416.0 407.7 703.0 380.0
2021-12-29 20136.0 415.0 417.0 417.2 408.0 703.0 380.0
2022-01-02 10830.0 415.0 415.0 416.0 410.0 703.0 380.0
2022-01-03 13872.0 418.0 415.0 419.9 414.0 703.0 380.0
2022-01-04 15929.0 424.0 412.0 425.0 410.0 703.0 380.0
2022-01-05 25832.0 425.0 430.0 445.0 421.4 703.0 380.0
2022-01-06 13157.0 430.9 420.0 433.0 420.0 703.0 380.0
2022-01-09 47660.0 451.0 439.0 453.0 431.0 703.0 380.0
2022-01-10 38615.0 449.5 455.0 464.0 445.0 703.0 380.0
2022-01-11 31544.0 457.0 450.0 488.0 446.0 703.0 380.0
2022-01-12 32648.0 454.0 460.0 474.9 450.0 703.0 380.0
2022-01-13 24014.0 459.0 457.0 465.0 448.0 703.0 380.0
2022-01-16 46913.0 479.0 468.0 485.0 468.0 703.0 380.0
2022-01-17 31568.0 476.0 481.0 481.0 466.0 703.0 380.0
2022-01-18 28469.0 473.0 485.0 485.5 461.0 703.0 380.0
2022-01-19 25754.0 460.0 474.0 474.0 460.0 703.0 380.0
2022-01-20 19267.0 465.0 460.0 466.0 452.0 703.0 380.0
2022-01-23 30667.0 459.0 474.0 474.0 451.0 703.0 383.0
2022-01-24 54678.0 437.0 450.0 455.0 436.0 703.0 383.0
2022-01-25 26212.0 435.0 430.0 450.0 426.0 703.0 383.0
2022-01-26 31305.0 426.5 430.5 438.0 426.5 703.0 383.0
2022-01-27 20457.0 426.0 430.0 438.0 425.2 703.0 383.0
2022-01-30 28859.0 450.0 434.5 450.0 434.5 703.0 383.0
2022-01-31 21078.0 440.0 455.0 462.0 436.2 703.0 383.0
2022-02-01 30293.0 454.0 442.0 456.9 438.0 703.0 383.0
2022-02-03 54529.0 460.7 463.0 473.0 460.0 703.0 383.0
2022-02-06 38775.0 460.0 455.0 468.0 455.0 703.0 383.0
2022-02-07 19615.0 456.0 460.0 465.0 455.2 703.0 383.0
2022-02-09 13824.0 445.0 448.0 455.0 444.1 703.0 383.0
2022-02-10 17098.0 439.0 453.0 453.0 434.2 703.0 383.0
2022-02-13 31166.0 425.0 440.0 440.0 424.0 703.0 383.0
2022-02-14 17103.0 427.0 420.0 432.9 420.0 703.0 383.0
2022-02-15 28269.0 435.0 430.0 438.0 422.0 703.0 383.0
2022-02-16 13235.0 429.0 443.7 443.7 428.5 703.0 383.0
2022-02-17 6150.0 429.1 435.0 435.0 426.0 703.0 383.0
2022-02-20 19040.0 427.8 427.0 430.0 411.0 703.0 383.0
2022-02-21 59864.0 438.5 430.0 449.3 422.7 703.0 383.0
2022-02-22 15520.0 439.0 445.8 447.0 437.6 703.0 383.0
