2021-11-16 27130.0 1745.0 1761.5 1761.5 1725.0 2065.2 1133.0
2021-11-17 25222.0 1755.0 1760.0 1770.0 1749.0 2065.2 1133.0
2021-11-18 97600.0 1761.0 1790.1 1850.0 1720.0 2065.2 1133.0
2021-11-21 23560.0 1748.0 1796.2 1796.2 1743.0 2065.2 1133.0
2021-11-22 19181.0 1730.0 1760.0 1760.0 1728.0 2065.2 1133.0
2021-11-23 18005.0 1720.0 1740.0 1749.0 1710.0 2065.2 1133.0
2021-11-24 13621.0 1712.0 1705.0 1721.0 1690.0 2065.2 1133.0
2021-11-25 24833.0 1685.0 1713.0 1716.0 1670.0 2065.2 1133.0
2021-11-28 24775.0 1644.5 1670.0 1684.9 1640.1 2065.2 1133.0
2021-11-29 15874.0 1628.0 1620.0 1672.0 1612.0 2065.2 1133.0
2021-11-30 14477.0 1626.9 1628.0 1640.0 1615.0 2065.2 1133.0
2021-12-01 7590.0 1628.0 1649.0 1649.0 1627.0 2065.2 1133.0
2021-12-02 14545.0 1600.5 1635.0 1650.0 1600.0 2065.2 1133.0
2021-12-05 20486.0 1573.0 1602.0 1602.0 1565.0 2065.2 1133.0
2021-12-06 21457.0 1573.0 1560.0 1575.0 1499.9 2065.2 1133.0
2021-12-07 15386.0 1545.0 1585.0 1600.0 1545.0 2065.2 1133.0
2021-12-08 9245.0 1515.0 1536.0 1556.0 1511.0 2065.2 1133.0
2021-12-09 11536.0 1515.0 1520.0 1520.0 1495.0 2065.2 1133.0
2021-12-12 13642.0 1476.0 1520.0 1520.0 1475.0 2065.2 1133.0
2021-12-13 27220.00 1405.0 1475.1 1475.1 1390.0 2065.2 1133.0
2021-12-14 11990.00 1510.0 1420.0 1510.0 1420.0 2065.2 1133.0
2021-12-15 26892.00 1544.0 1539.0 1630.0 1500.0 2065.2 1133.0
2021-12-16 9374.0 1530.0 1544.0 1544.0 1511.0 2065.2 1133.0
2021-12-20 22541.0 1550.0 1560.6 1560.6 1511.0 2065.2 1133.0
2021-12-21 37154.0 1574.9 1581.0 1581.0 1560.0 2065.2 1133.0
2021-12-22 34267.0 1275.0 1264.8 1290.0 1240.0 2065.2 1133.0
2021-12-23 16036.0 1276.0 1289.0 1300.0 1275.0 2065.2 1133.0
2021-12-26 23129.0 1280.0 1290.0 1300.0 1270.0 2065.2 1133.0
2021-12-27 15837.0 1263.0 1290.0 1292.0 1260.0 2065.2 1133.0
2021-12-28 7426.0 1254.0 1260.0 1270.0 1250.0 2065.2 1133.0
2021-12-29 6148.0 1250.0 1270.0 1270.0 1245.0 2065.2 1133.0
2022-01-02 9042.0 1269.8 1270.0 1275.0 1250.0 2065.2 1170.0
2022-01-03 15366.0 1289.9 1290.0 1295.0 1275.0 2065.2 1170.0
2022-01-04 13741.0 1284.0 1280.0 1299.0 1271.5 2065.2 1170.0
2022-01-05 15261.0 1255.1 1295.0 1295.0 1255.0 2065.2 1170.0
2022-01-06 14433.0 1250.0 1256.0 1268.0 1248.0 2065.2 1170.0
2022-01-09 24085.0 1285.0 1274.0 1295.0 1268.0 2065.2 1206.0
2022-01-10 26131.0 1310.0 1295.0 1315.0 1285.0 2065.2 1206.0
2022-01-11 41926.0 1350.0 1310.0 1380.0 1301.0 2065.2 1215.0
2022-01-12 39380.0 1340.0 1375.0 1375.0 1325.0 2065.2 1215.0
2022-01-13 93595.0 1378.0 1340.0 1380.0 1325.0 2065.2 1240.0
2022-01-16 25726.0 1401.0 1405.0 1458.0 1390.0 2065.2 1240.0
2022-01-17 25187.0 1400.0 1424.0 1424.0 1385.0 2065.2 1240.0
2022-01-18 17150.0 1376.0 1400.0 1405.0 1370.0 2065.2 1240.0
2022-01-19 13418.0 1369.9 1382.0 1390.0 1355.0 2065.2 1240.0
2022-01-20 14267.0 1378.0 1370.0 1380.0 1355.0 2065.2 1240.0
2022-01-23 18222.0 1379.0 1405.0 1433.0 1370.0 2065.2 1240.0
2022-01-24 22677.0 1335.0 1406.5 1406.5 1330.0 2065.2 1240.0
2022-01-25 18858.0 1340.0 1361.7 1361.7 1308.0 2065.2 1240.0
2022-01-26 14055.0 1320.0 1340.0 1340.0 1310.0 2065.2 1240.0
2022-01-27 7203.0 1315.0 1339.0 1339.0 1315.0 2065.2 1240.0
2022-01-30 12782.0 1359.0 1341.3 1389.0 1341.3 2065.2 1240.0
2022-01-31 7911.0 1360.0 1385.0 1386.0 1353.0 2065.2 1240.0
2022-02-01 10579.0 1360.0 1360.0 1362.0 1350.0 2065.2 1240.0
2022-02-03 17156.0 1360.0 1380.0 1400.0 1360.0 2065.2 1240.0
2022-02-06 11582.0 1334.0 1360.0 1360.0 1330.0 2065.2 1240.0
2022-02-07 7075.0 1333.0 1334.0 1358.0 1330.0 2065.2 1240.0
2022-02-09 10683.0 1310.0 1331.0 1339.0 1306.0 2065.2 1240.0
2022-02-10 6090.0 1310.0 1323.0 1324.0 1305.0 2065.2 1240.0
2022-02-13 20168.0 1265.0 1300.0 1300.0 1260.0 2065.2 1240.0
2022-02-14 11238.0 1270.0 1266.0 1285.0 1265.0 2065.2 1240.0
2022-02-15 6769.0 1295.0 1285.0 1295.0 1273.0 2065.2 1240.0
2022-02-16 13299.0 1299.0 1300.0 1313.0 1295.0 2065.2 1240.0
2022-02-17 7980.0 1290.0 1295.5 1310.0 1285.5 2065.2 1240.0
2022-02-20 9820.0 1278.0 1270.0 1285.0 1240.0 2065.2 1240.0
2022-02-21 7286.0 1280.0 1278.0 1299.0 1275.0 2065.2 1240.0
2022-02-22 8434.0 1283.0 1280.1 1314.0 1280.0 2065.2 1240.0
