2021-11-16 47847.0 250.9 240.0 252.0 239.2 316.0 165.0
2021-11-17 51127.0 252.7 254.0 254.0 248.0 316.0 165.0
2021-11-18 59823.0 250.0 253.0 253.0 248.0 316.0 165.0
2021-11-21 144832.0 260.0 250.1 260.0 247.0 316.0 165.0
2021-11-22 212816.0 267.0 265.2 270.0 255.0 316.0 165.0
2021-11-23 78317.0 260.0 267.0 267.0 258.8 316.0 165.0
2021-11-24 84757.0 265.2 259.0 265.2 255.5 316.0 165.0
2021-11-25 547871.0 273.0 265.0 281.0 260.1 316.0 165.0
2021-11-28 179856.0 265.0 267.6 268.0 258.0 316.0 165.0
2021-11-29 114541.0 256.0 264.0 265.0 253.9 316.0 165.0
2021-11-30 69905.0 256.0 256.0 259.0 252.9 316.0 165.0
2021-12-01 52368.0 254.0 261.0 261.0 252.3 316.0 165.0
2021-12-02 99571.0 249.9 257.0 257.0 248.0 316.0 165.0
2021-12-05 90019.0 245.0 246.0 253.0 240.1 316.0 165.0
2021-12-06 87406.0 247.0 246.0 249.9 237.0 316.0 165.0
2021-12-07 72028.0 242.0 250.0 253.8 241.0 316.0 165.0
2021-12-08 69337.0 237.0 241.1 242.9 236.0 316.0 165.0
2021-12-09 42362.0 241.0 238.0 244.0 234.2 316.0 165.0
