2021-11-16 57519.0 237.0 231.0 237.0 228.2 324.0 186.0
2021-11-17 69064.0 238.3 238.0 241.0 235.0 324.0 186.0
2021-11-18 30801.0 235.1 238.3 239.0 235.1 324.0 186.0
2021-11-21 26546.0 233.0 237.0 237.0 232.6 324.0 188.0
2021-11-22 33717.0 236.9 230.0 240.3 230.0 324.0 188.0
2021-11-23 45837.0 234.5 237.0 238.0 233.2 324.0 188.0
2021-11-24 47240.0 233.0 235.0 235.0 230.2 324.0 188.0
2021-11-25 243911.0 242.0 233.0 247.0 230.0 324.0 190.0
2021-11-28 95637.0 233.9 237.2 238.0 230.0 324.0 192.0
2021-11-29 57574.0 234.0 230.1 236.0 230.1 324.0 192.0
2021-11-30 79474.0 231.0 235.0 235.0 230.0 324.0 192.0
2021-12-01 56264.0 232.0 230.0 234.0 229.0 324.0 192.0
2021-12-02 70159.0 231.0 233.0 233.0 229.0 324.0 192.0
2021-12-05 68245.0 223.7 231.0 231.0 223.0 324.0 192.0
2021-12-06 49585.0 227.0 223.0 228.0 219.0 324.0 192.0
2021-12-07 34166.0 226.0 228.0 232.0 225.0 324.0 192.0
2021-12-08 34466.0 223.0 226.0 226.0 220.5 324.0 192.0
2021-12-09 70122.0 224.5 221.0 226.7 185.7 324.0 185.7
2021-12-12 46930.0 219.2 221.0 224.0 219.0 324.0 185.7
2021-12-13 66970.00 217.0 215.0 224.0 212.0 324.0 185.7
2021-12-14 32217.00 224.0 219.0 225.9 219.0 324.0 185.7
2021-12-15 43487.00 220.1 228.0 228.4 218.6 324.0 185.7
2021-12-16 44029.0 221.0 220.1 222.0 216.0 324.0 185.7
2021-12-20 48822.0 218.0 224.0 224.0 216.1 324.0 192.0
2021-12-21 90601.0 221.9 220.0 222.0 216.1 324.0 192.0
2021-12-22 58324.0 225.3 225.0 227.0 220.6 324.0 198.0
2021-12-23 65417.0 226.8 226.8 230.0 223.0 324.0 199.0
2021-12-26 107873.0 230.2 229.0 232.5 225.0 324.0 199.0
2021-12-27 83446.0 229.0 228.0 235.2 226.4 324.0 199.0
2021-12-28 33192.0 229.5 226.0 230.9 226.0 324.0 199.0
2021-12-29 28086.0 230.5 230.2 230.5 226.2 324.0 199.0
2022-01-02 129711.0 239.0 233.0 240.0 229.0 324.0 201.0
2022-01-03 112504.0 233.0 229.0 235.0 228.1 324.0 201.0
2022-01-04 128346.0 243.1 234.0 246.8 230.0 324.0 201.0
2022-01-05 120181.0 237.0 247.9 247.9 236.0 324.0 201.0
2022-01-06 147036.0 250.0 234.1 252.4 234.1 324.0 202.0
2022-01-09 209306.0 263.0 253.0 263.0 253.0 324.0 208.0
2022-01-10 217266.0 257.0 265.0 268.2 256.0 324.0 208.0
2022-01-11 106630.0 260.0 262.1 262.1 254.0 324.0 212.0
2022-01-12 90994.0 253.0 260.0 260.0 252.0 324.0 212.0
2022-01-13 75656.0 253.6 250.1 256.0 250.0 324.0 212.0
2022-01-16 309521.0 268.0 258.6 270.0 258.6 324.0 212.0
2022-01-17 182940.0 268.0 270.0 274.0 263.1 324.0 212.0
2022-01-18 182531.0 268.5 271.0 274.0 264.0 324.0 212.0
2022-01-19 434923.0 276.0 265.5 279.0 265.0 324.0 212.0
2022-01-20 182808.0 275.6 280.0 280.0 270.5 324.0 212.0
2022-01-23 350433.0 268.0 280.0 280.0 266.5 324.0 212.0
2022-01-24 158486.0 259.5 270.0 270.0 259.0 324.0 212.0
2022-01-25 50222.0 258.3 257.0 263.8 256.0 324.0 212.0
2022-01-26 60335.0 253.4 258.3 258.3 252.0 324.0 212.0
2022-01-27 65079.0 254.3 251.5 257.0 251.0 324.0 212.0
2022-01-30 109935.0 262.0 256.0 268.2 256.0 324.0 212.0
2022-01-31 47955.0 256.0 263.0 263.0 255.1 324.0 212.0
2022-02-01 55072.0 258.2 253.0 260.0 253.0 324.0 212.0
2022-02-03 83825.0 256.5 262.0 262.0 255.2 324.0 212.0
2022-02-06 33208.0 254.0 256.0 257.0 251.4 324.0 212.0
2022-02-07 46895.0 253.4 254.0 257.0 250.9 324.0 212.0
2022-02-09 49338.0 249.0 249.0 252.0 246.0 324.0 212.0
2022-02-10 29486.0 246.3 247.0 250.0 246.0 324.0 212.0
2022-02-13 64777.0 240.0 242.0 243.0 237.2 324.0 212.0
2022-02-14 33387.0 239.0 238.0 242.0 238.0 324.0 212.0
2022-02-15 20712.0 240.4 240.0 241.0 238.0 324.0 212.0
2022-02-16 71403.0 235.0 243.0 243.0 234.1 324.0 212.0
2022-02-17 28052.0 237.9 239.0 239.9 235.1 324.0 212.0
2022-02-20 62385.0 232.0 233.2 236.0 230.4 324.0 212.0
2022-02-21 60556.0 237.6 235.0 240.9 233.0 324.0 212.0
2022-02-22 35783.0 237.1 237.0 240.0 236.2 324.0 212.0
