2021-11-16 46286.0 594.0 589.0 599.0 574.0 814.9 153.0
2021-11-17 76483.0 596.0 605.0 616.0 595.0 814.9 153.0
2021-11-18 48980.0 582.0 585.0 602.7 578.0 814.9 153.0
2021-11-21 35899.0 591.0 570.4 600.0 570.4 814.9 153.0
2021-11-22 29063.0 580.0 600.0 600.0 577.0 814.9 153.0
2021-11-23 50164.0 559.0 572.0 580.0 550.0 814.9 153.0
2021-11-24 56828.0 573.0 559.0 576.3 545.0 814.9 153.0
2021-11-25 27605.0 567.0 584.4 584.4 561.0 814.9 153.0
2021-11-28 58508.0 537.1 556.0 556.0 536.0 814.9 153.0
2021-11-29 34902.0 539.0 526.4 560.0 526.4 814.9 153.0
2021-11-30 22373.0 540.0 539.0 556.6 528.4 814.9 153.0
2021-12-01 17071.0 546.0 550.8 560.0 539.0 814.9 153.0
2021-12-02 36722.0 520.1 555.0 555.0 520.1 814.9 153.0
