2021-11-16 5395.0 1562.0 1541.1 1580.0 1521.0 2800.0 159.0
2021-11-17 13446.0 1602.0 1562.0 1638.0 1550.0 2800.0 159.0
2021-11-18 4520.0 1574.0 1570.0 1610.0 1555.0 2800.0 159.0
2021-11-21 3824.0 1549.0 1605.0 1605.4 1549.0 2800.0 159.0
2021-11-22 30319.0 1700.0 1547.0 1702.0 1533.0 2800.0 159.0
2021-11-23 14574.0 1642.0 1734.0 1734.0 1642.0 2800.0 159.0
2021-11-24 23706.0 1630.0 1617.0 1674.0 1577.9 2800.0 159.0
2021-11-25 58392.0 1581.0 1600.0 1632.0 1468.1 2800.0 159.0
2021-11-28 29561.0 1500.0 1549.4 1549.4 1422.9 2800.0 159.0
2021-11-29 20381.0 1422.0 1475.0 1487.0 1390.0 2800.0 159.0
2021-11-30 7380.0 1425.0 1450.0 1450.0 1390.0 2800.0 159.0
2021-12-01 5449.0 1415.0 1425.0 1449.0 1409.0 2800.0 159.0
2021-12-02 10415.0 1392.0 1443.0 1460.0 1390.1 2800.0 159.0
