2021-11-16 36607.0 614.0 587.0 618.0 585.0 785.0 460.0
2021-11-17 36144.0 615.0 625.0 627.0 607.6 785.0 460.0
2021-11-18 30507.0 596.0 604.0 612.0 592.0 785.0 460.0
2021-11-21 13536.0 593.0 600.0 607.0 592.0 785.0 460.0
2021-11-22 21224.0 592.0 598.0 600.0 591.2 785.0 460.0
2021-11-23 21023.0 582.2 585.0 595.0 581.0 785.0 460.0
2021-11-24 22113.0 580.1 582.0 588.7 575.0 785.0 460.0
2021-11-25 20384.0 583.0 590.0 600.0 580.0 785.0 460.0
2021-11-28 32895.0 566.1 582.0 582.0 564.0 785.0 460.0
2021-11-29 24233.0 570.0 565.0 575.0 562.0 785.0 460.0
2021-11-30 21417.0 570.0 572.0 575.0 562.3 785.0 460.0
2021-12-01 19605.0 569.9 571.0 579.0 565.0 785.0 460.0
2021-12-02 22315.0 561.0 570.0 570.0 560.0 785.0 460.0
2021-12-05 23873.0 543.0 551.0 558.0 543.0 785.0 460.0
2021-12-06 28795.0 550.0 543.0 564.8 528.0 785.0 460.0
2021-12-07 24301.0 540.0 555.0 561.0 540.0 785.0 460.0
2021-12-08 25893.0 524.0 536.0 540.0 524.0 785.0 460.0
2021-12-09 17213.0 526.0 516.0 535.0 515.0 785.0 460.0
2021-12-12 69161.0 490.2 510.0 510.0 490.0 785.0 460.0
2021-12-13 46744.00 478.0 485.0 493.0 471.2 785.0 460.0
2021-12-14 10347.00 503.0 487.5 506.0 487.5 785.0 460.0
2021-12-15 32588.00 500.0 513.0 530.0 490.0 785.0 460.0
2021-12-16 11612.0 488.1 510.0 510.0 488.0 785.0 460.0
2021-12-20 19893.0 482.0 495.0 495.0 478.7 785.0 460.0
2021-12-21 26096.0 490.1 490.0 499.8 481.8 785.0 460.0
2021-12-22 24073.0 501.0 490.1 507.0 490.1 785.0 471.2
2021-12-23 24692.0 505.0 501.0 509.1 498.0 785.0 471.2
2021-12-26 19048.0 515.9 506.0 516.0 502.1 785.0 471.2
2021-12-27 25259.0 503.0 518.0 518.0 502.1 785.0 471.2
2021-12-28 16851.0 500.0 500.0 502.0 496.1 785.0 471.2
2021-12-29 44157.0 502.9 509.0 510.0 498.0 785.0 471.2
2022-01-02 20494.0 477.0 470.0 477.0 462.0 785.0 462.0
2022-01-03 15874.0 481.0 471.0 483.5 471.0 785.0 462.0
2022-01-04 38710.0 505.0 475.1 518.0 465.5 785.0 462.0
2022-01-05 40763.0 490.0 505.0 519.0 490.0 785.0 462.0
2022-01-06 40138.0 498.0 490.0 508.9 490.0 785.0 462.0
2022-01-09 58107.0 512.0 507.9 517.0 499.0 785.0 462.0
2022-01-10 78189.0 520.0 513.0 523.0 500.0 785.0 462.0
2022-01-11 70880.0 536.1 520.5 545.0 520.0 785.0 462.0
2022-01-12 56325.0 520.0 540.0 545.0 519.4 785.0 462.0
2022-01-13 43627.0 535.0 514.0 536.0 514.0 785.0 462.0
2022-01-16 72889.0 554.0 540.0 560.0 540.0 785.0 462.0
2022-01-17 59871.0 558.0 564.0 564.0 545.0 785.0 462.0
2022-01-18 38436.0 545.0 566.9 566.9 541.0 785.0 462.0
2022-01-19 43481.0 536.0 555.9 555.9 533.0 785.0 462.0
2022-01-20 33977.0 542.0 536.0 547.0 527.0 785.0 462.0
2022-01-23 25562.0 539.0 546.0 546.0 536.0 785.0 462.0
2022-01-24 54331.0 518.0 529.0 532.0 515.0 785.0 462.0
2022-01-25 31913.0 516.0 518.0 530.0 509.0 785.0 462.0
2022-01-26 22166.0 510.1 516.0 518.2 506.0 785.0 462.0
2022-01-27 24787.0 509.0 514.0 515.0 507.0 785.0 462.0
2022-01-30 35432.0 532.0 519.0 538.0 519.0 785.0 462.0
2022-01-31 30420.0 520.0 540.0 540.0 519.0 785.0 462.0
2022-02-01 43049.0 534.0 515.0 537.5 512.0 785.0 462.0
2022-02-03 37925.0 527.0 539.5 546.9 527.0 785.0 462.0
2022-02-06 14154.0 523.0 523.0 530.0 520.0 785.0 462.0
2022-02-07 15774.0 524.9 525.0 530.0 520.0 785.0 462.0
2022-02-09 14494.0 518.0 520.0 524.0 511.0 785.0 462.0
2022-02-10 15201.0 515.0 520.0 520.1 513.1 785.0 462.0
2022-02-13 27270.0 500.0 509.6 510.0 499.0 785.0 462.0
2022-02-14 17726.0 499.5 490.1 519.9 490.1 785.0 462.0
2022-02-15 24633.0 508.0 502.0 509.0 498.0 785.0 462.0
2022-02-16 16461.0 507.0 508.1 513.0 503.0 785.0 462.0
2022-02-17 14120.0 508.3 507.0 512.0 506.1 785.0 462.0
2022-02-20 33658.0 499.9 498.5 509.0 489.0 785.0 462.0
2022-02-21 22051.0 515.0 509.0 520.0 500.0 785.0 462.0
2022-02-22 31378.0 510.0 516.0 523.0 508.0 785.0 462.0
