2021-11-16 20374.0 907.0 886.1 907.0 869.0 1415.0 416.0
2021-11-17 22227.0 923.0 912.0 965.0 905.0 1415.0 416.0
2021-11-18 21455.0 906.0 905.1 926.0 892.0 1415.0 416.0
2021-11-21 11221.0 900.0 898.0 910.0 888.1 1415.0 416.0
2021-11-22 15065.0 903.1 886.0 918.0 886.0 1415.0 416.0
2021-11-23 17337.0 885.0 885.2 900.0 875.0 1415.0 416.0
2021-11-24 9812.0 881.0 875.0 890.0 860.0 1415.0 416.0
2021-11-25 5221.0 884.0 880.0 897.0 872.0 1415.0 416.0
2021-11-28 15499.0 849.0 866.4 875.0 837.0 1415.0 416.0
2021-11-29 10753.0 844.0 833.4 856.0 833.1 1415.0 416.0
2021-11-30 7415.0 840.0 845.0 845.5 822.0 1415.0 416.0
2021-12-01 9396.0 845.0 835.0 850.0 833.1 1415.0 416.0
2021-12-02 8739.0 810.0 830.0 840.0 810.0 1415.0 416.0
2021-12-05 13786.0 775.0 793.9 800.7 768.0 1415.0 416.0
2021-12-06 34305.0 780.0 759.5 791.0 728.1 1415.0 416.0
2021-12-07 8393.0 759.0 775.0 805.0 755.6 1415.0 416.0
2021-12-08 12682.0 736.0 745.1 759.0 728.0 1415.0 416.0
2021-12-09 12346.0 728.0 736.0 744.0 713.1 1415.0 416.0
