2021-11-16 28456.0 524.9 500.0 530.0 499.0 715.0 150.0
2021-11-17 33939.0 515.5 535.0 545.0 515.5 715.0 150.0
2021-11-18 20279.0 504.0 506.1 522.1 500.5 715.0 150.0
2021-11-21 17856.0 514.0 514.0 524.0 503.3 715.0 150.0
2021-11-22 20816.0 520.0 524.0 530.0 517.0 715.0 150.0
2021-11-23 32152.0 509.0 529.0 529.0 500.0 715.0 150.0
2021-11-24 20065.0 512.0 509.0 517.0 491.0 715.0 150.0
2021-11-25 15927.0 519.0 522.2 528.0 507.0 715.0 150.0
2021-11-28 23001.0 494.3 509.0 511.0 494.0 715.0 150.0
2021-11-29 14923.0 497.0 485.0 508.9 484.5 715.0 150.0
2021-11-30 16556.0 500.0 494.0 506.0 490.0 715.0 150.0
2021-12-01 66117.0 526.2 508.9 532.0 508.9 715.0 150.0
2021-12-02 30242.0 516.0 535.0 535.0 500.0 715.0 150.0
2021-12-05 32122.0 507.0 505.7 515.0 496.0 715.0 150.0
2021-12-06 29025.0 527.0 507.0 527.0 500.0 715.0 150.0
2021-12-07 39680.0 509.0 527.1 540.6 508.0 715.0 150.0
2021-12-08 17608.0 490.0 501.0 510.0 485.0 715.0 150.0
2021-12-09 15379.0 495.8 490.0 509.7 481.0 715.0 150.0
2021-12-12 29501.0 469.0 486.1 502.0 468.6 715.0 150.0
2021-12-13 27631.00 435.0 460.0 461.0 425.1 715.0 150.0
2021-12-14 12669.00 478.5 443.0 478.5 443.0 715.0 150.0
2021-12-15 33228.00 479.0 488.0 497.7 467.0 715.0 150.0
2021-12-16 15360.0 468.9 488.5 488.5 458.0 715.0 150.0
2021-12-20 20075.0 445.0 478.2 487.7 445.0 715.0 150.0
2021-12-21 14316.0 460.0 453.9 470.0 444.0 715.0 150.0
2021-12-22 26092.0 482.7 469.2 482.8 463.0 715.0 150.0
2021-12-23 17120.0 474.9 490.0 490.0 466.0 715.0 150.0
2021-12-26 40288.0 490.0 484.3 500.0 480.0 715.0 150.0
2021-12-27 20208.0 466.0 490.0 494.0 466.0 715.0 150.0
2021-12-28 12980.0 475.0 466.0 475.3 457.0 715.0 150.0
2021-12-29 10370.0 470.0 466.1 480.0 466.1 715.0 150.0
2022-01-02 17920.0 474.0 475.0 478.0 461.0 715.0 150.0
2022-01-03 10012.0 474.8 480.0 480.0 463.1 715.0 150.0
2022-01-04 81879.0 485.0 484.0 490.0 474.6 715.0 150.0
2022-01-05 34255.0 417.9 396.0 434.0 396.0 715.0 152.0
2022-01-06 10540.0 417.8 426.0 426.0 411.0 715.0 153.0
2022-01-09 28336.0 424.0 419.0 451.0 418.0 715.0 153.0
2022-01-10 29149.0 438.0 432.4 441.0 424.0 715.0 153.0
2022-01-11 40528.0 462.0 446.0 473.3 425.0 715.0 155.0
2022-01-12 37229.0 440.0 465.0 471.7 440.0 715.0 159.0
2022-01-13 26779.0 460.1 447.9 465.0 439.3 715.0 161.0
2022-01-16 39635.0 461.0 469.3 481.0 459.0 715.0 161.0
2022-01-17 22812.0 455.0 461.0 470.2 449.9 715.0 161.0
2022-01-18 25582.0 445.0 463.0 464.0 441.0 715.0 163.0
2022-01-19 28821.0 456.0 437.0 466.0 437.0 715.0 164.0
2022-01-20 38415.0 468.0 464.0 472.0 458.0 715.0 164.0
2022-01-23 31240.0 470.0 458.7 485.0 458.7 715.0 164.0
2022-01-24 51283.0 443.0 475.0 475.0 439.1 715.0 164.0
2022-01-25 22744.0 443.0 435.0 453.0 434.2 715.0 164.0
2022-01-26 31584.0 437.0 440.0 451.8 425.0 715.0 164.0
2022-01-27 8146.0 439.9 445.0 462.0 428.4 715.0 164.0
2022-01-30 50346.0 468.0 448.6 470.0 448.6 715.0 164.0
2022-01-31 75670.0 510.0 458.7 514.8 455.0 715.0 164.0
2022-02-01 140331.0 520.0 515.0 537.0 498.0 715.0 164.0
2022-02-03 67245.0 513.0 509.6 542.2 509.6 715.0 168.0
2022-02-06 55646.0 490.5 513.0 513.0 489.0 715.0 180.0
2022-02-07 50006.0 524.0 490.0 535.0 485.1 715.0 180.0
2022-02-09 18554.0 496.0 507.0 512.0 495.1 715.0 180.0
2022-02-10 16379.0 493.0 496.0 498.0 487.0 715.0 180.0
2022-02-13 30360.0 469.0 483.2 484.0 466.0 715.0 180.0
2022-02-14 27709.0 460.0 478.0 480.0 453.0 715.0 180.0
2022-02-15 23110.0 495.0 460.0 497.0 456.0 715.0 180.0
2022-02-16 21614.0 480.0 504.0 510.0 475.0 715.0 180.0
2022-02-17 11294.0 479.7 488.9 488.9 475.0 715.0 180.0
2022-02-20 26551.0 480.0 470.2 505.0 452.1 715.0 180.0
2022-02-21 27320.0 490.0 489.0 501.0 471.0 715.0 180.0
2022-02-22 28452.0 496.0 499.8 508.0 491.0 715.0 180.0
