2021-11-16 7681.0 3415.0 3345.0 3417.0 3290.0 5749.0 2923.0
2021-11-17 8332.0 3385.0 3450.0 3464.0 3381.0 5749.0 2923.0
2021-11-18 3924.0 3351.1 3318.0 3390.0 3318.0 5749.0 2923.0
2021-11-21 4257.0 3328.0 3355.0 3380.0 3310.1 5749.0 2923.0
2021-11-22 5816.0 3367.0 3325.0 3369.0 3325.0 5749.0 2923.0
2021-11-23 4740.0 3318.0 3300.0 3350.0 3300.0 5749.0 2923.0
2021-11-24 5558.0 3315.0 3310.0 3330.0 3270.0 5749.0 2923.0
2021-11-25 12646.0 3278.1 3340.0 3344.9 3214.4 5749.0 2923.0
2021-11-28 16660.0 3180.0 3221.0 3277.0 3160.0 5749.0 2923.0
2021-11-29 7586.0 3162.0 3149.0 3240.0 3120.0 5749.0 2923.0
2021-11-30 6007.0 3155.0 3200.0 3200.0 3150.0 5749.0 2923.0
2021-12-01 6075.0 3168.0 3190.0 3200.0 3138.0 5749.0 2923.0
2021-12-02 6829.0 3125.0 3168.0 3183.0 3110.0 5749.0 2923.0
2021-12-05 11514.0 3032.0 3092.0 3100.2 3028.0 5749.0 2923.0
2021-12-06 12745.0 3036.0 2986.0 3044.0 2886.0 5749.0 2886.0
2021-12-07 7761.0 2975.0 3095.7 3096.0 2970.0 5749.0 2886.0
2021-12-08 11551.0 2885.0 2970.0 2990.0 2870.0 5749.0 2870.0
2021-12-09 9109.0 2888.0 2900.0 2909.0 2856.0 5749.0 2856.0
2021-12-12 11028.0 2778.0 2888.0 2900.0 2775.1 5749.0 2775.1
2021-12-13 18636.00 2666.0 2750.1 2750.1 2625.0 5749.0 2625.0
2021-12-14 7128.00 2850.0 2719.0 2850.0 2686.0 5749.0 2625.0
2021-12-15 17842.00 2865.0 2907.0 3000.0 2792.0 5749.0 2625.0
2021-12-16 8549.0 2813.0 2870.0 2870.0 2755.0 5749.0 2625.0
2021-12-20 6734.0 2780.0 2760.0 2825.0 2711.0 5749.0 2625.0
2021-12-21 5760.0 2840.0 2800.0 2852.0 2796.0 5358.0 2625.0
2021-12-22 16034.0 3009.0 2896.8 3010.0 2875.0 5358.0 2625.0
2021-12-23 11539.0 3021.0 3069.0 3075.0 2971.0 5349.0 2625.0
2021-12-26 24797.0 3240.0 3081.0 3276.0 3020.0 5300.0 2625.0
2021-12-27 18121.0 3118.0 3250.0 3255.0 3113.0 5300.0 2625.0
2021-12-28 8435.0 3091.1 3091.0 3200.0 3061.0 5100.0 2625.0
2021-12-29 8119.0 3071.0 3140.0 3140.0 3054.0 5029.0 2625.0
2022-01-02 20266.0 3200.0 3132.4 3250.0 3071.0 5029.0 2625.0
2022-01-03 27395.0 3309.9 3264.0 3339.0 3201.0 5029.0 2625.0
2022-01-04 8107.0 3330.0 3350.0 3365.0 3261.0 5029.0 2625.0
2022-01-05 17466.0 3241.9 3350.0 3350.0 3241.0 5029.0 2625.0
2022-01-06 25808.0 3345.0 3231.0 3375.0 3190.0 5029.0 2625.0
2022-01-09 25708.0 3409.0 3355.0 3419.9 3345.0 5029.0 2625.0
2022-01-10 17311.0 3376.0 3440.0 3449.9 3360.0 5029.0 2625.0
2022-01-11 18773.0 3400.0 3380.0 3419.0 3350.0 5029.0 2625.0
2022-01-12 17349.0 3380.0 3400.0 3468.0 3364.0 5029.0 2625.0
2022-01-13 13180.0 3424.0 3410.0 3438.0 3371.0 5029.0 2625.0
2022-01-16 31213.0 3569.0 3492.4 3599.0 3450.1 5029.0 2625.0
2022-01-17 18245.0 3575.0 3608.7 3646.0 3523.0 5029.0 2625.0
2022-01-18 16017.0 3510.0 3512.0 3639.9 3485.1 5029.0 2625.0
2022-01-19 13923.0 3470.2 3511.0 3524.0 3453.6 5029.0 2625.0
2022-01-20 12201.0 3495.0 3451.0 3520.0 3431.0 5029.0 2625.0
2022-01-23 12375.0 3470.0 3555.0 3555.0 3458.0 5029.0 2625.0
2022-01-24 20821.0 3380.0 3451.0 3455.1 3364.0 5029.0 2625.0
2022-01-25 18889.0 3380.0 3380.0 3415.0 3260.0 5029.0 2625.0
2022-01-26 10639.0 3306.0 3320.0 3390.0 3300.0 5029.0 2625.0
2022-01-27 11365.0 3310.8 3355.0 3359.0 3309.0 5029.0 2625.0
2022-01-30 12223.0 3439.0 3377.0 3451.0 3377.0 5029.0 2625.0
2022-01-31 9698.0 3398.0 3400.1 3465.0 3395.0 5029.0 2625.0
2022-02-01 5619.0 3416.0 3360.0 3435.0 3353.0 5029.0 2625.0
2022-02-03 13731.0 3410.0 3484.0 3484.0 3400.0 5029.0 2625.0
2022-02-06 6812.0 3365.0 3390.0 3415.0 3355.0 5029.0 2625.0
2022-02-07 5449.0 3350.2 3298.0 3400.0 3298.0 5029.0 2625.0
2022-02-09 10655.0 3333.0 3306.1 3375.0 3278.0 5029.0 2625.0
2022-02-10 5783.0 3319.9 3280.0 3370.0 3280.0 5029.0 2625.0
2022-02-13 15370.0 3200.0 3255.0 3255.0 3189.0 5029.0 2625.0
2022-02-14 14012.0 3210.0 3200.0 3245.0 3182.0 5029.0 2625.0
2022-02-15 5393.0 3235.0 3205.0 3249.9 3195.1 5029.0 2625.0
2022-02-16 5191.0 3207.0 3235.0 3269.0 3205.0 5029.0 2625.0
2022-02-17 3007.0 3220.0 3220.0 3245.0 3207.0 5029.0 2625.0
2022-02-20 6688.0 3150.0 3157.0 3213.0 3092.9 5029.0 2625.0
2022-02-21 4273.0 3190.0 3150.0 3190.0 3150.0 5029.0 2625.0
2022-02-22 4644.0 3190.0 3199.0 3225.0 3180.0 5029.0 2625.0
