2021-11-16 1922.0 1156.8 1120.2 1175.0 1120.2 1811.0 692.0
2021-11-17 5661.0 1147.0 1178.0 1179.5 1137.0 1811.0 692.0
2021-11-18 1537.0 1120.0 1147.0 1160.0 1120.0 1811.0 692.0
2021-11-21 2575.0 1123.3 1140.0 1142.0 1123.3 1811.0 692.0
2021-11-22 926.0 1126.0 1145.0 1145.0 1122.0 1811.0 692.0
2021-11-23 1941.0 1104.1 1130.0 1142.0 1104.1 1811.0 692.0
2021-11-24 1693.0 1110.0 1100.0 1118.0 1100.0 1811.0 692.0
2021-11-25 640.0 1100.0 1111.0 1120.0 1100.0 1811.0 692.0
2021-11-28 3196.0 1075.0 1100.0 1100.0 1065.0 1811.0 692.0
2021-11-29 1074.0 1067.0 1055.0 1096.0 1055.0 1811.0 692.0
2021-11-30 1321.0 1060.0 1060.0 1060.0 1050.0 1811.0 701.0
2021-12-01 1229.0 1041.1 1070.0 1070.0 1041.1 1811.0 701.0
2021-12-02 7137.0 1000.0 1050.0 1050.0 968.8 1811.0 710.0
2021-12-05 3933.0 955.0 980.0 990.0 921.0 1811.0 710.0
2021-12-06 5552.0 940.0 955.0 955.0 902.0 1811.0 710.0
2021-12-07 3201.0 970.0 958.8 994.0 946.0 1811.0 710.0
2021-12-08 2414.0 935.0 950.6 951.1 930.0 1811.0 715.0
2021-12-09 1122.0 935.0 950.9 950.9 918.1 1811.0 715.0
2021-12-12 3236.0 902.0 935.0 935.0 900.0 1811.0 725.0
2021-12-13 1980.00 880.0 884.1 887.6 867.0 1811.0 725.0
2021-12-14 713.00 936.3 897.0 936.3 897.0 1811.0 733.0
2021-12-15 2908.00 929.0 955.0 988.5 906.0 1811.0 741.0
2021-12-16 1717.0 885.0 911.0 929.2 885.0 1811.0 741.0
2021-12-20 610.0 890.0 885.0 902.0 880.0 1811.0 741.0
2021-12-21 1354.0 898.0 907.0 907.0 885.0 1811.0 741.0
2021-12-22 4612.0 948.0 900.0 948.0 900.0 1811.0 780.0
2021-12-23 2546.0 938.0 960.0 966.0 918.0 1811.0 780.0
2021-12-26 7505.0 970.0 938.0 975.0 938.0 1811.0 780.0
2021-12-27 6898.0 950.0 989.0 1020.0 950.0 1811.0 780.0
2021-12-28 1224.0 955.1 969.0 969.0 945.0 1811.0 780.0
2021-12-29 870.0 945.0 950.0 968.5 945.0 1811.0 780.0
2022-01-02 4501.0 1011.0 945.0 1011.0 945.0 1811.0 787.0
2022-01-03 9752.0 1049.0 1016.0 1077.0 990.8 1811.0 787.0
2022-01-04 5606.0 1085.0 1029.0 1088.0 1028.1 1811.0 787.0
2022-01-05 3598.0 1040.0 1100.0 1100.0 1035.0 1811.0 787.0
2022-01-06 1668.0 1050.0 1020.1 1060.0 1010.0 1811.0 829.0
2022-01-09 5079.0 1080.0 1070.0 1095.0 1060.2 1811.0 863.0
2022-01-10 1588.0 1079.0 1098.0 1098.0 1065.0 1811.0 863.0
2022-01-11 11001.0 1186.0 1080.0 1186.0 1071.0 1811.0 863.0
2022-01-12 7468.0 1137.0 1209.7 1209.7 1137.0 1811.0 863.0
2022-01-13 7129.0 1173.0 1140.0 1180.0 1125.0 1811.0 863.0
2022-01-16 12142.0 1209.0 1196.0 1220.0 1180.0 1811.0 863.0
2022-01-17 6067.0 1195.0 1233.0 1233.0 1183.0 1811.0 863.0
2022-01-18 4805.0 1157.0 1200.0 1200.0 1135.0 1811.0 863.0
2022-01-19 14397.0 1150.0 1158.0 1180.0 1130.0 1811.0 867.0
2022-01-20 2617.0 1155.1 1145.0 1165.0 1140.0 1811.0 867.0
2022-01-23 2489.0 1158.0 1169.0 1179.0 1145.0 1811.0 867.0
2022-01-24 6064.0 1125.0 1135.0 1140.0 1093.0 1811.0 867.0
2022-01-25 3586.0 1122.0 1102.5 1140.0 1087.0 1811.0 867.0
2022-01-26 9282.0 1109.0 1101.0 1123.0 1080.0 1811.0 867.0
2022-01-27 4830.0 1122.0 1110.0 1122.0 1090.0 1811.0 867.0
2022-01-30 3478.0 1170.0 1135.0 1178.0 1130.0 1811.0 867.0
2022-01-31 5256.0 1130.0 1170.0 1170.0 1130.0 1811.0 867.0
2022-02-01 7701.0 1106.0 1117.0 1140.0 1085.9 1811.0 867.0
2022-02-03 5054.0 1120.0 1113.0 1140.0 1106.0 1811.0 867.0
2022-02-06 2053.0 1100.0 1115.0 1116.0 1090.0 1811.0 867.0
2022-02-07 1745.0 1100.0 1100.0 1108.0 1095.0 1811.0 867.0
2022-02-09 695.0 1095.0 1080.0 1100.0 1080.0 1811.0 867.0
2022-02-10 652.0 1090.0 1090.0 1099.0 1073.0 1811.0 867.0
2022-02-13 2477.0 1036.0 1069.1 1069.1 1036.0 1811.0 867.0
2022-02-14 2354.0 1050.0 1056.0 1058.0 1030.0 1811.0 867.0
2022-02-15 1041.0 1071.0 1070.0 1086.0 1047.0 1811.0 867.0
2022-02-16 2786.0 1059.0 1072.0 1072.0 1016.0 1811.0 867.0
2022-02-17 2250.0 1035.0 1060.0 1060.0 1035.0 1811.0 867.0
2022-02-20 4884.0 1003.0 1019.2 1019.2 999.0 1811.0 867.0
2022-02-21 5101.0 1020.0 1019.0 1025.0 983.0 1811.0 867.0
2022-02-22 7620.0 1000.0 1040.4 1040.4 997.0 1811.0 867.0
