2021-11-16 56250.0 9.67 9.8 9.99 9.63 16.01 9.09
2021-11-17 49840.0 9.75 9.86 9.88 9.67 16.01 9.09
2021-11-18 22195.0 9.65 9.75 9.76 9.65 16.01 9.09
2021-11-21 45469.0 9.59 9.65 9.85 9.59 16.01 9.09
2021-11-22 71130.0 9.87 9.78 9.88 9.66 16.01 9.09
2021-11-23 12500.0 9.71 9.87 9.87 9.68 16.01 9.09
2021-11-24 5000.0 9.75 9.8 9.82 9.75 16.01 9.09
2021-11-25 41880.0 9.67 9.94 9.94 9.6 16.01 9.09
2021-11-28 65191.0 9.49 9.86 9.86 9.49 16.01 9.09
2021-11-29 25100.0 9.8 9.66 9.8 9.66 16.01 9.09
2021-11-30 20900.0 9.78 9.8 9.8 9.62 16.01 9.09
2021-12-01 42670.0 9.59 9.75 9.75 9.59 16.01 9.09
2021-12-02 16150.0 9.63 9.78 9.78 9.46 16.01 9.09
