2021-08-03 10000.0 15.55 15.52 15.6 15.52 16.87 9.0
2021-08-04 21150.0 15.6 15.26 15.6 15.26 16.87 9.0
2021-08-05 27580.0 15.25 15.29 15.5 15.0 16.87 9.0
2021-08-09 15400.0 15.42 14.98 15.5 14.98 16.87 9.0
2021-08-12 17900.0 15.11 14.95 15.15 14.95 16.87 9.0
2021-08-15 118109.0 15.14 15.0 15.15 14.92 16.87 9.0
2021-08-16 39450.0 14.99 15.14 15.4 14.98 16.87 9.0
2021-08-17 62150.0 14.9 15.01 15.01 14.73 16.87 9.0
2021-08-18 300430.0 15.76 15.19 16.09 15.19 16.87 9.0
2021-08-19 160600.0 15.75 15.99 16.0 15.59 16.87 9.0
2021-08-24 68250.0 16.0 15.5 16.0 15.5 16.87 9.0
2021-08-25 14001.0 15.99 16.0 16.0 15.6 16.87 9.0
2021-08-26 25450.0 15.44 15.7 15.81 15.4 16.87 9.0
2021-08-29 120250.0 15.35 15.45 15.75 15.35 16.87 9.0
2021-08-31 391134.0 15.11 15.5 16.04 14.8 16.87 9.0
2021-09-01 166865.0 15.54 15.3 15.71 15.25 16.87 9.0
2021-09-02 106200.0 15.35 15.6 15.6 15.3 16.87 9.0
