2021-11-16 2259.0 845.0 836.0 855.0 836.0 1155.0 200.0
2021-11-17 5227.0 859.9 832.0 859.9 831.0 1155.0 200.0
2021-11-18 6279.0 850.0 842.8 888.0 829.0 1155.0 200.0
2021-11-21 9826.0 918.0 867.0 934.0 867.0 1155.0 200.0
2021-11-22 7509.0 884.0 936.3 936.3 877.1 1155.0 200.0
2021-11-23 5235.0 885.0 899.9 912.0 866.5 1155.0 200.0
2021-11-24 5126.0 896.0 885.0 902.0 868.0 1155.0 200.0
2021-11-25 6799.0 928.3 878.2 928.3 878.2 1155.0 200.0
2021-11-28 4338.0 870.0 909.8 909.8 870.0 1155.0 200.0
2021-11-29 1522.0 862.0 853.0 934.0 853.0 1155.0 200.0
2021-11-30 7203.0 895.9 879.0 905.0 879.0 1155.0 200.0
2021-12-01 14924.0 980.0 912.0 985.4 896.0 1155.0 200.0
2021-12-02 7014.0 913.4 999.0 999.0 913.4 1155.0 200.0
