2021-11-16 55536.0 299.0 293.0 299.0 291.0 444.0 222.0
2021-11-17 45290.0 298.0 299.5 301.0 296.1 444.0 222.0
2021-11-18 66139.0 295.0 298.0 299.0 294.5 444.0 222.0
2021-11-21 46614.0 292.0 295.0 297.0 292.0 444.0 222.0
2021-11-22 39057.0 290.1 292.0 294.0 290.0 444.0 222.0
2021-11-23 48777.0 288.2 294.0 294.0 287.0 444.0 222.0
2021-11-24 32371.0 285.5 288.2 289.0 282.0 444.0 222.0
2021-11-25 80074.0 288.5 287.0 295.9 282.2 444.0 222.0
2021-11-28 83213.0 279.0 285.0 289.0 279.0 444.0 222.0
2021-11-29 39598.0 277.0 275.0 287.0 274.0 444.0 222.0
2021-11-30 100867.0 276.9 275.0 280.0 272.3 444.0 222.0
2021-12-01 78618.0 276.0 273.0 279.0 273.0 444.0 222.0
2021-12-02 35259.0 272.5 274.0 280.0 272.0 444.0 222.0
2021-12-05 44317.0 267.8 270.5 273.0 267.0 444.0 222.0
2021-12-06 61945.0 275.0 266.79 275.4 262.0 444.0 222.0
2021-12-07 38307.0 271.1 278.0 281.0 271.0 444.0 222.0
2021-12-08 62677.0 267.5 276.5 276.5 266.1 444.0 222.0
2021-12-09 47539.0 269.0 265.0 272.0 217.31 444.0 217.31
