2021-11-16 6515.0 1299.0 1276.0 1301.0 1265.0 2420.0 1028.0
2021-11-17 8785.0 1295.0 1310.0 1312.0 1294.0 2420.0 1028.0
2021-11-18 9291.0 1290.0 1300.0 1300.0 1282.0 2420.0 1028.0
2021-11-21 4415.0 1283.0 1290.0 1298.0 1280.0 2420.0 1042.0
2021-11-22 7867.0 1291.0 1308.0 1308.5 1285.0 2420.0 1042.0
2021-11-23 10921.0 1268.0 1291.0 1301.0 1268.0 2420.0 1080.0
2021-11-24 10902.0 1288.0 1260.0 1291.0 1250.0 2420.0 1080.0
2021-11-25 5405.0 1280.0 1290.0 1295.0 1267.0 2420.0 1100.0
2021-11-28 10540.0 1236.0 1266.0 1285.0 1235.0 2420.0 1157.0
2021-11-29 5880.0 1221.0 1235.0 1260.0 1220.0 2420.0 1157.0
2021-11-30 5986.0 1215.1 1245.4 1245.4 1200.0 2420.0 1183.0
2021-12-01 5178.0 1210.0 1217.0 1224.0 1210.0 2420.0 1185.0
2021-12-02 6577.0 1190.0 1210.0 1210.0 1190.0 2420.0 1185.0
