2021-11-16 23886.0 345.0 333.5 345.7 328.0 485.2 97.0
2021-11-17 24997.0 355.0 345.0 363.0 345.0 485.2 97.0
2021-11-18 16170.0 341.0 362.1 362.1 340.2 485.2 97.0
2021-11-21 15070.0 344.0 341.0 360.0 334.0 485.2 97.0
2021-11-22 13779.0 346.0 345.0 357.0 343.0 485.2 97.0
2021-11-23 12123.0 339.0 346.0 347.0 331.0 485.2 97.0
2021-11-24 183238.0 352.0 335.0 355.0 320.1 485.2 97.0
2021-11-25 12219.0 345.0 350.0 364.0 343.0 485.2 97.0
2021-11-28 17213.0 323.0 340.0 340.0 323.0 485.2 97.0
2021-11-29 15273.0 325.0 323.0 338.0 322.0 485.2 97.0
2021-11-30 13857.0 328.0 331.5 343.0 318.5 485.2 97.0
2021-12-01 10952.0 330.0 331.5 334.9 327.0 485.2 97.0
2021-12-02 11825.0 315.0 336.6 336.6 315.0 485.2 97.0
2021-12-05 27674.0 303.0 314.0 315.0 298.0 485.2 97.0
2021-12-06 30373.0 310.0 303.0 321.1 285.0 485.2 97.0
2021-12-07 10950.0 300.0 316.0 321.3 300.0 485.2 97.0
2021-12-08 18434.0 285.0 303.0 303.0 285.0 485.2 97.0
2021-12-09 18850.0 285.0 286.0 290.7 274.0 485.2 97.0
