2021-11-16 53001.0 636.0 625.0 640.3 618.0 864.0 618.0
2021-11-17 33519.0 625.0 639.9 639.9 624.0 864.0 618.0
2021-11-18 33125.0 620.0 637.0 637.5 618.3 864.0 618.0
2021-11-21 30660.0 619.0 625.0 625.0 616.0 864.0 616.0
2021-11-22 28278.0 615.3 619.0 622.9 614.1 864.0 614.1
2021-11-23 62740.0 607.0 613.5 618.0 600.0 864.0 600.0
2021-11-24 64982.0 600.0 608.0 609.0 596.0 864.0 596.0
2021-11-25 35866.0 603.0 601.0 609.0 600.0 864.0 596.0
2021-11-28 33437.0 590.0 595.0 598.9 586.1 864.0 586.1
2021-11-29 23439.0 585.0 590.0 591.0 582.0 864.0 582.0
2021-11-30 17277.0 588.0 580.0 595.0 580.0 864.0 580.0
2021-12-01 16890.0 588.0 590.0 594.0 582.0 864.0 580.0
2021-12-02 35693.0 583.0 585.0 587.9 580.0 864.0 580.0
2021-12-05 26581.0 538.0 550.0 550.0 536.0 864.0 536.0
2021-12-06 26969.0 539.0 534.0 548.7 530.0 864.0 530.0
2021-12-07 17246.0 535.1 539.0 549.6 535.1 864.0 530.0
2021-12-08 36254.0 529.0 537.0 537.0 526.0 864.0 526.0
2021-12-09 19000.0 534.0 532.0 535.0 527.0 864.0 526.0
2021-12-12 32883.0 525.5 527.5 535.0 524.0 864.0 524.0
2021-12-13 32370.00 521.1 520.1 535.0 515.0 864.0 515.0
2021-12-14 12697.00 541.0 531.0 541.0 521.0 864.0 515.0
2021-12-15 23875.00 527.4 550.0 550.0 525.1 864.0 515.0
2021-12-16 15383.0 523.0 528.0 530.0 522.0 864.0 515.0
2021-12-20 13810.0 522.0 523.0 526.0 520.0 864.0 515.0
2021-12-21 16745.0 535.0 526.0 535.0 521.0 864.0 515.0
2021-12-22 21159.0 538.3 540.0 543.0 535.0 864.0 515.0
2021-12-23 18732.0 540.0 548.0 548.0 535.0 864.0 515.0
2021-12-26 35252.0 543.0 540.0 549.9 535.0 864.0 515.0
2021-12-27 24159.0 533.1 543.0 545.0 533.0 864.0 515.0
2021-12-28 13145.0 536.0 525.6 536.0 525.6 864.0 515.0
2021-12-29 14984.0 535.3 536.0 540.0 526.2 864.0 515.0
2022-01-02 40142.0 548.0 536.0 551.8 532.0 864.0 515.0
2022-01-03 65836.0 573.9 552.0 576.0 551.1 864.0 515.0
2022-01-04 77227.0 615.0 571.0 625.0 560.1 864.0 515.0
2022-01-05 70010.0 597.0 615.0 618.9 591.0 864.0 515.0
2022-01-06 40796.0 614.0 598.0 618.0 588.4 864.0 515.0
2022-01-09 61734.0 619.0 624.0 630.0 612.5 864.0 515.0
2022-01-10 32762.0 610.0 629.0 629.0 605.0 864.0 515.0
2022-01-11 26056.0 613.0 610.0 620.0 605.0 864.0 515.0
2022-01-12 42536.0 600.0 611.0 616.0 599.1 864.0 515.0
2022-01-13 31878.0 604.0 600.0 604.0 595.7 864.0 515.0
2022-01-16 67142.0 610.0 606.0 621.0 602.3 864.0 515.0
2022-01-17 59378.0 626.0 621.0 635.0 615.0 864.0 515.0
2022-01-18 75571.0 630.0 630.0 640.0 623.0 864.0 515.0
2022-01-19 26605.0 615.0 630.0 632.0 614.0 864.0 515.0
2022-01-20 45429.0 615.0 615.0 615.0 605.0 864.0 515.0
2022-01-23 48168.0 601.0 610.0 612.0 597.0 864.0 515.0
2022-01-24 46044.0 582.0 596.0 597.0 579.0 864.0 515.0
2022-01-25 18845.0 583.0 582.0 593.6 578.2 864.0 515.0
2022-01-26 13258.0 578.0 585.0 588.0 576.0 864.0 515.0
2022-01-27 12623.0 576.0 578.0 588.0 576.0 864.0 515.0
2022-01-30 19498.0 594.9 587.0 604.0 581.3 864.0 515.0
2022-01-31 23495.0 583.0 595.0 595.0 580.0 864.0 515.0
2022-02-01 28069.0 585.0 576.0 585.0 576.0 864.0 515.0
2022-02-03 29116.0 585.0 590.0 595.0 585.0 864.0 515.0
2022-02-06 9840.0 580.0 583.0 585.0 578.0 864.0 515.0
2022-02-07 8586.0 577.5 578.0 585.0 576.1 864.0 515.0
2022-02-09 11995.0 572.0 573.0 578.0 571.0 864.0 515.0
2022-02-10 17118.0 568.0 572.0 572.0 565.0 864.0 515.0
2022-02-13 24188.0 557.0 561.0 561.0 550.0 864.0 515.0
2022-02-14 26716.0 550.5 557.0 568.1 550.0 864.0 515.0
2022-02-15 20932.0 552.0 550.1 556.0 547.0 864.0 515.0
2022-02-16 12086.0 554.0 552.1 573.0 550.0 864.0 515.0
2022-02-17 13723.0 555.9 552.2 564.5 550.0 864.0 515.0
2022-02-20 14121.0 562.0 544.8 562.0 540.0 864.0 515.0
2022-02-21 23725.0 578.0 567.0 578.0 551.5 864.0 515.0
2022-02-22 22719.0 601.0 578.0 601.0 565.0 864.0 515.0
