2021-11-16 5184.0 635.9 636.0 641.9 625.0 1195.0 322.0
2021-11-17 22299.0 657.0 648.0 660.0 645.0 1195.0 322.0
2021-11-18 7416.0 635.0 670.1 670.1 628.0 1195.0 322.0
2021-11-21 7623.0 632.0 647.7 647.7 620.1 1195.0 326.0
2021-11-22 2834.0 635.0 619.4 637.5 619.4 1195.0 326.0
2021-11-23 3008.0 623.0 633.0 633.0 610.0 1195.0 326.0
2021-11-24 3131.0 620.0 635.4 635.4 608.0 1195.0 326.0
2021-11-25 3916.0 629.9 610.2 629.9 607.8 1195.0 326.0
2021-11-28 11705.0 585.0 617.4 617.4 583.0 1195.0 326.0
2021-11-29 7637.0 590.0 595.0 630.0 574.0 1195.0 326.0
2021-11-30 2809.0 580.0 601.0 601.0 565.5 1195.0 326.0
2021-12-01 2415.0 589.0 591.6 591.6 575.0 1195.0 326.0
2021-12-02 6423.0 580.0 599.0 599.0 555.0 1195.0 326.0
2021-12-05 9661.0 555.0 591.6 591.6 530.1 1195.0 326.0
2021-12-06 11750.0 608.0 566.1 610.5 530.0 1195.0 326.0
2021-12-07 15019.0 600.0 620.1 620.1 556.8 1195.0 326.0
2021-12-08 7697.0 550.2 588.0 588.0 550.1 1195.0 326.0
2021-12-09 8291.0 545.0 561.2 561.2 535.0 1195.0 326.0
2021-12-12 8804.0 510.0 535.0 535.0 504.0 1195.0 326.0
2021-12-13 5957.00 471.1 499.8 503.0 471.0 1195.0 326.0
2021-12-14 4625.00 499.0 480.5 500.0 480.0 1195.0 326.0
2021-12-15 30721.00 496.7 508.9 519.0 449.1 1195.0 326.0
2021-12-16 4040.0 468.0 486.8 490.0 468.0 1195.0 326.0
2021-12-20 10645.0 449.0 476.0 476.0 449.0 1195.0 326.0
2021-12-21 10171.0 480.0 454.0 493.9 450.0 1195.0 326.0
2021-12-22 19533.0 499.8 482.0 499.8 475.0 1195.0 338.0
2021-12-23 10605.0 504.0 509.7 509.7 482.0 1195.0 338.0
2021-12-26 19154.0 524.0 510.0 524.0 504.0 1195.0 338.0
2021-12-27 20759.0 510.0 521.0 528.0 501.2 1195.0 338.0
2021-12-28 10415.0 506.2 500.0 516.5 490.0 1195.0 338.0
2021-12-29 4130.0 513.8 507.0 514.9 500.0 1195.0 338.0
2022-01-02 6732.0 513.0 519.9 519.9 501.0 1195.0 339.0
2022-01-03 15766.0 529.5 522.8 533.6 521.0 1195.0 339.0
2022-01-04 4946.0 540.0 540.0 548.0 521.0 1195.0 342.0
2022-01-05 16215.0 534.9 545.0 548.0 509.7 1195.0 342.0
2022-01-06 6313.0 533.0 545.5 545.5 524.0 1195.0 348.0
2022-01-09 9659.0 538.0 543.0 550.0 538.0 1195.0 356.0
2022-01-10 28005.0 555.0 548.0 559.9 540.0 1195.0 356.0
2022-01-11 36141.0 590.0 566.0 600.0 554.0 1195.0 359.0
2022-01-12 30238.0 569.0 599.0 601.9 569.0 1195.0 359.0
2022-01-13 12335.0 580.0 580.3 586.0 565.0 1195.0 372.0
2022-01-16 41164.0 603.0 591.0 615.0 590.0 1195.0 375.0
2022-01-17 14041.0 605.0 613.0 613.0 591.3 1195.0 375.0
2022-01-18 30042.0 599.5 601.0 615.0 585.2 1195.0 382.0
2022-01-19 12319.0 581.0 599.0 599.0 565.2 1195.0 382.0
2022-01-20 9054.0 589.0 592.6 592.6 576.0 1195.0 382.0
2022-01-23 7793.0 579.0 590.0 600.0 570.0 1195.0 383.0
2022-01-24 12854.0 554.0 568.0 579.0 549.0 1195.0 383.0
2022-01-25 23670.0 556.0 543.0 565.0 533.1 1195.0 383.0
2022-01-26 11366.0 543.0 547.0 550.0 540.0 1195.0 383.0
2022-01-27 5583.0 540.0 545.1 552.5 539.0 1195.0 383.0
2022-01-30 53248.0 571.0 550.8 571.0 545.0 1195.0 383.0
2022-01-31 17846.0 560.0 573.0 574.0 553.7 1195.0 383.0
2022-02-01 25476.0 579.0 561.0 582.0 555.0 1195.0 383.0
2022-02-03 17597.0 563.6 584.0 590.5 562.7 1195.0 383.0
2022-02-06 11925.0 548.9 564.0 565.0 545.0 1195.0 383.0
2022-02-07 9232.0 548.0 540.09 554.0 540.09 1195.0 383.0
2022-02-09 5707.0 536.0 533.0 554.0 533.0 1195.0 396.0
2022-02-10 8382.0 543.0 546.0 546.0 533.3 1195.0 396.0
2022-02-13 12224.0 521.0 553.8 553.8 515.2 1195.0 396.0
2022-02-14 10379.0 524.4 530.0 530.0 516.1 1195.0 396.0
2022-02-15 19539.0 525.0 534.8 534.8 523.0 1195.0 396.0
2022-02-16 8674.0 521.0 535.5 535.5 518.0 1195.0 396.0
2022-02-17 14552.0 517.0 531.4 531.4 515.0 1195.0 396.0
2022-02-20 12912.0 505.0 506.7 515.0 502.0 1195.0 396.0
2022-02-21 19233.0 505.0 515.1 524.0 500.0 1195.0 396.0
2022-02-22 13312.0 515.1 515.1 515.1 505.0 1195.0 396.0
