2021-11-16 8991.0 724.0 714.0 724.0 700.0 885.0 501.0
2021-11-17 11715.0 727.0 726.0 734.8 717.0 885.0 501.0
2021-11-18 9745.0 718.0 713.0 721.0 707.0 885.0 501.0
2021-11-21 5476.0 705.0 703.7 717.8 700.1 885.0 501.0
2021-11-22 30300.0 722.0 710.0 744.0 710.0 885.0 501.0
2021-11-23 5708.0 705.0 711.0 719.0 705.0 885.0 501.0
2021-11-24 8719.0 703.0 692.0 707.0 692.0 885.0 501.0
2021-11-25 5379.0 696.4 700.0 701.0 696.2 885.0 501.0
2021-11-28 10008.0 674.0 685.0 689.0 673.0 885.0 501.0
2021-11-29 7939.0 675.0 661.0 687.0 661.0 885.0 501.0
2021-11-30 6577.0 676.0 675.0 712.0 651.0 885.0 501.0
2021-12-01 2613.0 678.0 676.1 690.0 669.0 885.0 501.0
2021-12-02 7740.0 647.0 667.0 667.0 647.0 885.0 501.0
2021-12-05 5917.0 625.0 659.9 673.0 620.4 885.0 501.0
2021-12-06 8452.0 627.0 625.1 635.0 593.0 885.0 501.0
2021-12-07 5629.0 618.0 638.0 644.0 618.0 885.0 501.0
2021-12-08 3526.0 600.0 618.0 618.0 600.0 885.0 501.0
2021-12-09 4958.0 595.0 600.0 600.0 591.1 885.0 501.0
2021-12-12 10468.0 564.0 587.0 587.0 564.0 885.0 501.0
2021-12-13 8720.00 526.0 553.0 553.0 526.0 885.0 501.0
2021-12-14 6821.00 567.0 536.5 567.0 530.0 885.0 501.0
2021-12-15 11740.00 571.0 570.0 623.7 566.0 885.0 501.0
2021-12-16 3230.0 561.0 565.0 588.0 560.0 885.0 501.0
2021-12-20 4201.0 548.0 550.0 560.7 547.0 885.0 501.0
2021-12-21 2216.0 574.0 545.0 580.0 544.1 885.0 501.0
2021-12-22 7175.0 600.0 575.0 602.8 575.0 885.0 519.0
2021-12-23 8679.0 615.0 590.0 622.9 590.0 885.0 519.0
2021-12-26 23557.0 676.5 620.0 676.5 620.0 885.0 519.0
2021-12-27 18518.0 635.0 690.0 700.0 635.0 885.0 519.0
2021-12-28 5747.0 640.0 625.5 647.0 622.4 885.0 519.0
2021-12-29 6351.0 645.0 628.0 649.8 628.0 885.0 522.0
2022-01-02 7054.0 664.3 637.0 680.9 637.0 885.0 525.0
2022-01-03 12599.0 661.0 665.0 685.0 660.0 885.0 525.0
2022-01-04 5801.0 667.0 665.0 683.0 660.0 885.0 526.0
2022-01-05 11100.0 660.0 667.1 678.0 655.0 885.0 526.0
2022-01-06 4180.0 676.0 660.0 676.0 650.1 885.0 526.0
2022-01-09 24924.0 702.0 689.5 702.0 679.0 885.0 526.0
2022-01-10 34522.0 715.5 712.0 720.0 700.0 885.0 526.0
2022-01-11 40844.0 748.0 720.0 763.0 710.0 885.0 526.0
2022-01-12 28453.0 719.9 754.0 754.0 714.0 885.0 526.0
2022-01-13 31797.0 735.0 733.0 750.0 711.1 885.0 526.0
2022-01-16 39461.0 764.0 749.0 779.0 735.0 885.0 526.0
2022-01-17 31966.0 773.0 755.0 776.9 750.0 885.0 526.0
2022-01-18 18497.0 755.0 775.0 775.0 751.0 885.0 526.0
2022-01-19 19306.0 737.0 740.0 764.9 736.0 885.0 526.0
2022-01-20 33063.0 750.0 727.0 758.0 727.0 885.0 526.0
2022-01-23 22869.0 753.0 764.9 770.0 751.0 885.0 526.0
2022-01-24 27796.0 719.0 738.0 741.0 709.6 885.0 526.0
2022-01-25 11920.0 720.2 713.0 739.0 712.0 885.0 526.0
2022-01-26 13814.0 710.0 715.1 720.0 704.0 885.0 526.0
2022-01-27 4224.0 710.0 720.0 729.0 709.0 885.0 526.0
2022-01-30 18755.0 738.0 724.0 752.0 723.0 885.0 526.0
2022-01-31 10001.0 729.5 738.0 738.0 721.0 885.0 526.0
2022-02-01 7063.0 734.5 720.0 735.0 720.0 885.0 526.0
2022-02-03 22447.0 738.0 740.0 754.8 730.5 885.0 526.0
2022-02-06 5270.0 713.0 725.0 725.0 712.0 885.0 526.0
2022-02-07 6662.0 727.0 701.0 728.0 701.0 885.0 526.0
2022-02-09 4191.0 718.0 720.0 720.0 710.1 885.0 526.0
2022-02-10 4126.0 707.0 720.0 720.0 707.0 885.0 526.0
2022-02-13 22114.0 670.0 707.0 707.0 663.0 885.0 526.0
2022-02-14 5900.0 677.8 668.0 683.0 665.0 885.0 526.0
2022-02-15 8135.0 695.0 675.0 695.0 667.0 885.0 526.0
2022-02-16 5230.0 687.0 682.0 704.0 682.0 885.0 526.0
2022-02-17 5654.0 678.0 699.0 699.0 674.0 885.0 526.0
2022-02-20 12832.0 657.0 665.0 669.9 652.0 885.0 526.0
2022-02-21 23972.0 670.0 665.0 670.0 657.0 885.0 526.0
2022-02-22 27730.0 670.0 670.0 680.0 655.0 885.0 526.0
