2021-11-16 3843.0 433.0 401.4 433.0 393.4 530.1 241.0
2021-11-17 2020.0 424.4 439.9 439.9 424.4 530.1 241.0
2021-11-18 391.0 425.0 416.0 444.0 416.0 530.1 241.0
2021-11-21 1110.0 432.0 432.9 432.9 428.0 530.1 241.0
2021-11-22 2137.0 414.1 423.4 440.0 414.1 530.1 241.0
2021-11-23 353.0 415.1 407.0 415.1 407.0 530.1 241.0
2021-11-24 1801.0 415.1 415.0 422.0 415.0 530.1 241.0
2021-11-25 7010.0 418.2 410.1 418.2 410.0 530.1 241.0
2021-11-28 1030.0 408.0 409.9 409.9 394.0 530.1 241.0
2021-11-29 22215.0 401.8 410.0 410.0 401.8 530.1 241.0
2021-11-30 10.0 408.0 408.0 408.0 408.0 530.1 241.0
2021-12-01 20.0 400.1 410.0 410.0 400.1 530.1 241.0
2021-12-02 440.0 392.0 392.1 399.9 392.0 530.1 241.0
2021-12-05 108.0 391.8 384.2 391.8 380.2 530.1 241.0
2021-12-06 35.0 391.6 384.0 391.6 384.0 530.1 241.0
2021-12-07 2167.0 404.0 399.4 420.0 399.4 530.1 241.0
2021-12-08 103.0 388.1 396.0 396.0 388.1 530.1 241.0
2021-12-09 585.0 376.0 388.1 388.1 376.0 530.1 241.0
