2021-08-03 333709.0 1033.0 979.0 1050.0 970.0 1050.0 497.0 BULLISH BULLISH BULLISH 1017.67 985.33 937.67 905.33 1065.33 1097.67 1145.33
2021-08-04 259847.0 1025.0 1050.0 1050.0 989.0 1050.0 497.0 BULLISH BULLISH BULLISH 1021.33 992.67 960.33 931.67 1053.67 1082.33 1114.67
2021-08-05 313093.0 1109.0 1045.5 1109.0 980.1 1109.0 497.0 BULLISH BULLISH BULLISH 1021.33 992.67 960.33 931.67 1053.67 1082.33 1114.67
2021-08-09 210761.0 1050.0 1080.0 1082.0 1032.1 1110.0 501.0 BEARISH BULLISH BULLISH 1054.7 1027.4 1004.8 977.5 1077.3 1104.6 1127.2
2021-08-12 130352.0 1125.0 1137.3 1147.0 1102.0 1147.0 507.0 BULLISH BULLISH BULLISH 1124.67 1102.33 1079.67 1057.33 1147.33 1169.67 1192.33
2021-08-15 178376.0 1100.0 1147.0 1147.0 1060.0 1147.0 507.0 BULLISH BULLISH BULLISH 1102.33 1057.67 1015.33 970.67 1144.67 1189.33 1231.67
2021-08-16 241453.0 1196.0 1122.0 1210.0 1095.0 1210.0 507.0 BULLISH BULLISH BULLISH 1167.0 1124.0 1052.0 1009.0 1239.0 1282.0 1354.0
2021-08-17 291038.0 1315.6 1219.0 1315.6 1181.0 1315.6 512.0 BULLISH BULLISH BULLISH 1167.0 1124.0 1052.0 1009.0 1239.0 1282.0 1354.0
2021-08-18 162989.0 1290.0 1341.0 1365.0 1270.0 1365.0 512.0 BULLISH BULLISH BULLISH 1308.33 1251.67 1213.33 1156.67 1346.67 1403.33 1441.67
2021-08-19 175493.0 1315.0 1300.0 1315.0 1250.0 1365.0 512.0 BULLISH BULLISH BULLISH 1293.33 1271.67 1228.33 1206.67 1336.67 1358.33 1401.67
2021-08-24 85555.0 1255.0 1276.0 1325.0 1250.0 1365.0 527.0 BEARISH BULLISH BULLISH 1276.67 1228.33 1201.67 1153.33 1303.33 1351.67 1378.33
