2021-11-16 4036.0 2778.0 2800.0 2800.0 2740.0 3530.0 1660.0
2021-11-17 6476.0 2849.0 2832.9 2885.0 2786.0 3530.0 1660.0
2021-11-18 10706.0 2932.0 2852.0 2932.0 2845.0 3530.0 1660.0
2021-11-21 19064.0 2969.9 2960.0 3000.0 2940.0 3530.0 1740.0
2021-11-22 11584.0 2935.0 2970.1 2999.0 2935.0 3530.0 1740.0
2021-11-23 8175.0 2980.0 2979.0 2980.0 2870.0 3530.0 1740.0
2021-11-24 4781.0 2945.0 2920.4 2963.0 2870.0 3530.0 1740.0
2021-11-25 3593.0 2892.0 2980.0 2980.0 2890.0 3530.0 1811.0
2021-11-28 13266.0 2800.0 2835.0 2933.0 2779.0 3530.0 1811.0
2021-11-29 2393.0 2769.0 2746.0 2855.0 2746.0 3530.0 1811.0
2021-11-30 7698.0 2749.0 2790.0 2790.0 2710.0 3530.0 1811.0
2021-12-01 7580.0 2780.0 2802.0 2850.0 2746.0 3530.0 1811.0
2021-12-02 7625.0 2729.0 2834.9 2835.0 2673.0 3530.0 1811.0
