2021-11-16 95313.0 627.9 623.0 632.9 616.0 750.0 255.0
2021-11-17 342355.0 644.0 634.0 660.0 628.0 750.0 255.0
2021-11-18 218938.0 635.0 644.0 653.0 629.8 750.0 255.0
2021-11-21 97168.0 626.2 625.0 642.0 625.0 750.0 258.0
2021-11-22 78118.0 620.0 629.0 634.0 614.5 750.0 258.0
2021-11-23 108963.0 605.0 618.0 620.0 599.0 750.0 258.0
2021-11-24 94282.0 612.8 600.0 617.0 590.0 750.0 258.0
2021-11-25 61346.0 601.2 615.0 617.0 600.0 750.0 258.0
2021-11-28 125954.0 570.0 590.0 598.0 570.0 750.0 259.0
2021-11-29 87802.0 568.0 570.0 590.0 561.59 750.0 259.0
2021-11-30 77926.0 568.0 579.0 579.0 558.0 750.0 259.0
2021-12-01 35279.0 573.0 574.0 580.0 570.1 750.0 259.0
2021-12-02 61397.0 555.0 575.0 578.0 550.0 750.0 259.0
2021-12-05 87607.0 533.0 555.0 558.9 530.0 750.0 259.0
2021-12-06 104856.0 551.0 523.0 557.9 510.0 750.0 259.0
2021-12-07 65782.0 533.0 559.2 569.0 530.0 750.0 259.0
2021-12-08 51503.0 517.0 525.0 539.9 515.0 750.0 260.0
2021-12-09 65594.0 520.0 515.0 526.9 512.0 750.0 260.0
2021-12-12 59206.0 489.0 515.0 515.0 488.0 750.0 272.0
2021-12-13 132019.00 451.0 479.4 488.0 446.9 750.0 272.0
2021-12-14 44964.00 496.1 450.0 496.1 450.0 750.0 275.0
2021-12-15 134065.00 500.0 506.0 528.0 486.0 750.0 275.0
2021-12-16 54988.0 482.0 491.0 499.0 480.0 750.0 275.0
2021-12-20 40141.0 470.1 473.1 487.1 465.0 750.0 275.0
2021-12-21 26880.0 487.0 479.5 492.0 474.0 750.0 275.0
2021-12-22 81664.0 519.0 496.0 520.0 494.0 750.0 293.0
2021-12-23 75119.0 517.0 520.0 533.9 508.9 750.0 293.0
2021-12-26 88807.0 524.0 526.9 535.5 515.0 750.0 293.0
2021-12-27 81679.0 499.1 532.0 532.0 499.1 750.0 293.0
2021-12-28 63674.0 509.0 499.1 509.0 487.0 750.0 293.0
2021-12-29 27919.0 504.2 509.0 512.9 502.0 750.0 293.0
2022-01-02 70720.0 527.0 510.0 531.0 504.0 750.0 293.0
2022-01-03 90732.0 536.0 527.0 543.0 520.0 750.0 293.0
2022-01-04 156014.0 564.0 538.0 566.0 528.0 750.0 293.0
2022-01-05 105292.0 555.0 564.0 575.0 550.0 750.0 293.0
2022-01-06 164876.0 573.3 555.0 575.0 550.0 750.0 293.0
2022-01-09 166135.0 589.0 584.7 596.0 573.0 750.0 293.0
2022-01-10 157155.0 588.0 595.0 599.0 578.0 750.0 293.0
2022-01-11 161685.0 598.0 588.0 614.0 577.0 750.0 293.0
2022-01-12 201207.0 593.0 600.0 622.0 590.1 750.0 293.0
2022-01-13 96695.0 602.5 600.0 605.0 591.0 750.0 293.0
2022-01-16 135129.0 615.0 614.0 622.0 609.0 750.0 293.0
2022-01-17 86149.0 610.0 621.0 621.0 603.0 750.0 293.0
2022-01-18 148072.0 599.0 607.0 615.9 593.0 750.0 293.0
2022-01-19 90788.0 596.1 604.0 606.0 591.0 750.0 293.0
2022-01-20 85431.0 607.0 594.9 607.9 590.0 750.0 293.0
2022-01-23 174186.0 607.0 618.0 620.0 604.5 750.0 293.0
2022-01-24 206947.0 586.0 608.0 608.0 585.0 750.0 293.0
2022-01-25 117708.0 590.0 590.0 600.9 582.0 750.0 293.0
2022-01-26 125208.0 587.0 590.0 600.0 580.0 750.0 293.0
2022-01-27 65674.0 585.0 590.0 595.0 580.0 750.0 293.0
2022-01-30 164707.0 617.5 596.7 620.0 596.7 750.0 293.0
2022-01-31 91072.0 607.0 620.0 623.0 605.0 750.0 293.0
2022-02-01 125542.0 615.0 607.0 618.0 600.0 750.0 293.0
2022-02-03 158501.0 615.0 623.9 625.0 612.0 750.0 293.0
2022-02-06 68105.0 602.0 610.0 613.0 601.0 750.0 293.0
2022-02-07 79536.0 599.0 595.1 607.0 595.1 750.0 293.0
2022-02-09 35419.0 590.0 590.0 596.0 585.0 750.0 293.0
2022-02-10 32490.0 587.0 590.0 595.0 585.0 750.0 293.0
2022-02-13 96492.0 565.5 580.0 580.0 564.5 750.0 293.0
2022-02-14 57561.0 570.0 555.0 585.0 555.0 750.0 293.0
2022-02-15 30327.0 582.0 570.0 584.0 570.0 750.0 293.0
2022-02-16 26554.0 572.0 582.0 587.0 570.0 750.0 293.0
2022-02-17 28529.0 573.1 572.0 579.0 566.3 750.0 293.0
2022-02-20 40969.0 563.2 566.5 573.0 555.0 750.0 293.0
2022-02-21 23688.0 567.0 564.0 570.0 564.0 750.0 293.0
2022-02-22 26293.0 571.0 571.0 575.0 570.0 750.0 293.0
