2021-11-16 66706.0 372.5 372.0 373.0 370.0 522.0 297.0
2021-11-17 45205.0 375.5 372.5 380.0 372.5 522.0 297.0
2021-11-18 45387.0 371.0 370.0 377.0 370.0 522.0 297.0
2021-11-21 59246.0 376.7 378.0 378.0 373.0 522.0 300.0
2021-11-22 40354.0 377.0 380.0 380.0 375.2 522.0 300.0
2021-11-23 58119.0 373.0 377.0 379.0 372.0 522.0 300.0
2021-11-24 73232.0 367.0 380.0 380.0 363.0 522.0 300.0
2021-11-25 63100.0 368.0 370.0 370.0 365.5 522.0 300.0
2021-11-28 224928.0 365.2 368.0 372.0 364.0 522.0 300.0
2021-11-29 69047.0 323.9 332.0 332.0 318.0 522.0 300.0
2021-11-30 61405.0 316.5 325.0 330.0 313.0 522.0 300.0
2021-12-01 66799.0 315.1 315.0 320.0 315.0 522.0 300.0
2021-12-02 78872.0 310.0 318.0 320.0 307.0 522.0 300.0
