2021-11-16 5639.0 1062.0 1068.0 1070.0 1038.0 1437.0 537.0
2021-11-17 11359.0 1062.0 1065.0 1086.4 1062.0 1437.0 537.0
2021-11-18 5849.0 1039.2 1041.0 1070.0 1039.0 1437.0 537.0
2021-11-21 2064.0 1027.0 1030.0 1044.0 1026.0 1437.0 541.0
2021-11-22 6329.0 1022.0 1011.0 1040.0 1011.0 1437.0 541.0
2021-11-23 10547.0 1007.0 1020.0 1020.0 1000.0 1437.0 541.0
2021-11-24 5343.0 1014.9 1000.0 1015.0 981.0 1437.0 541.0
2021-11-25 2896.0 1003.0 1014.0 1014.2 1001.0 1437.0 541.0
2021-11-28 10032.0 960.4 996.0 999.0 960.4 1437.0 541.0
2021-11-29 5490.0 951.0 975.0 984.0 947.0 1437.0 541.0
2021-11-30 4068.0 955.0 952.0 955.0 939.0 1437.0 541.0
2021-12-01 2535.0 963.0 960.0 979.0 960.0 1437.0 541.0
2021-12-02 8237.0 939.0 970.0 981.0 938.0 1437.0 541.0
2021-12-05 17962.0 938.0 932.0 955.0 932.0 1437.0 541.0
2021-12-06 12207.0 954.8 939.0 954.8 921.0 1437.0 541.0
2021-12-07 3717.0 940.8 950.0 973.3 940.8 1437.0 541.0
2021-12-08 6210.0 901.0 928.1 928.1 900.1 1437.0 541.0
2021-12-09 4093.0 902.0 885.0 920.0 885.0 1437.0 541.0
2021-12-12 6254.0 851.0 903.0 903.0 851.0 1437.0 541.0
2021-12-13 9234.00 802.0 851.0 858.0 800.0 1437.0 541.0
2021-12-14 5245.00 850.6 818.0 850.6 814.4 1437.0 541.0
2021-12-15 12262.00 850.0 867.6 901.0 826.0 1437.0 541.0
2021-12-16 4807.0 824.0 835.0 855.0 812.0 1437.0 541.0
2021-12-20 3349.0 815.0 826.0 826.0 810.0 1437.0 541.0
2021-12-21 4662.0 829.9 816.0 830.0 816.0 1437.0 541.0
2021-12-22 8654.0 878.0 845.0 882.3 845.0 1437.0 555.0
2021-12-23 6672.0 876.0 875.0 904.0 874.0 1437.0 555.0
2021-12-26 10697.0 940.0 875.0 940.0 875.0 1437.0 555.0
2021-12-27 10675.0 900.0 942.4 951.0 895.0 1437.0 555.0
2021-12-28 6509.0 910.0 882.0 910.0 878.0 1437.0 555.0
2021-12-29 6185.0 910.0 900.0 918.0 896.2 1437.0 560.0
2022-01-02 12770.0 928.0 905.0 928.0 895.0 1437.0 561.0
2022-01-03 24873.0 967.0 946.0 979.0 929.0 1437.0 561.0
2022-01-04 15560.0 981.4 950.0 1009.0 950.0 1437.0 561.0
2022-01-05 13979.0 950.0 990.0 994.0 940.0 1437.0 561.0
2022-01-06 8667.0 990.0 940.0 990.0 938.0 1437.0 561.0
2022-01-09 15520.0 995.0 980.0 1010.0 980.0 1437.0 592.0
2022-01-10 16749.0 992.0 995.0 1007.3 985.0 1437.0 592.0
2022-01-11 24867.0 1038.8 972.2 1064.0 972.2 1437.0 592.0
2022-01-12 18222.0 1020.0 1018.1 1060.0 1013.0 1437.0 592.0
2022-01-13 20917.0 1043.0 1040.4 1050.0 1009.4 1437.0 621.0
2022-01-16 30465.0 1116.9 1062.0 1116.9 1062.0 1437.0 660.0
2022-01-17 35053.0 1122.0 1129.9 1139.0 1082.0 1437.0 660.0
2022-01-18 18034.0 1111.0 1122.0 1125.0 1086.0 1437.0 660.0
2022-01-19 16390.0 1079.1 1095.0 1107.0 1076.0 1437.0 661.0
2022-01-20 13995.0 1093.0 1070.0 1100.0 1062.0 1437.0 661.0
2022-01-23 7675.0 1070.0 1114.0 1114.0 1069.0 1437.0 745.0
2022-01-24 20191.0 1023.0 1060.0 1060.0 1012.5 1437.0 745.0
2022-01-25 15926.0 1025.0 1023.0 1035.0 1006.0 1437.0 750.0
2022-01-26 25398.0 1020.1 1025.0 1040.0 1008.1 1437.0 750.0
2022-01-27 13563.0 1032.0 1020.5 1060.0 1020.5 1437.0 750.0
2022-01-30 11777.0 1072.9 1052.0 1077.0 1045.0 1437.0 800.0
2022-01-31 24311.0 1085.0 1072.9 1093.0 1057.0 1437.0 800.0
2022-02-01 38457.0 1100.0 1080.0 1105.0 1080.0 1437.0 800.0
2022-02-03 25859.0 1070.5 1095.0 1120.0 1070.5 1437.0 800.0
2022-02-06 20142.0 1047.0 1050.0 1066.0 1035.0 1437.0 800.0
2022-02-07 2715.0 1043.0 1028.0 1057.5 1028.0 1437.0 800.0
2022-02-09 5466.0 1034.9 1036.0 1048.5 1022.6 1437.0 800.0
2022-02-10 7648.0 1026.0 1014.3 1034.0 1014.3 1437.0 800.0
2022-02-13 11090.0 983.0 1005.5 1007.0 972.0 1437.0 800.0
2022-02-14 6040.0 976.0 995.0 1000.0 976.0 1437.0 800.0
2022-02-15 3822.0 1010.0 976.0 1015.0 975.0 1437.0 800.0
2022-02-16 3445.0 995.3 1015.0 1030.0 990.0 1437.0 800.0
2022-02-17 5375.0 995.0 1008.0 1009.0 980.0 1437.0 800.0
2022-02-20 11561.0 963.0 976.0 976.0 937.4 1437.0 800.0
2022-02-21 11641.0 948.0 975.0 975.0 935.9 1437.0 800.0
2022-02-22 12118.0 935.0 959.0 960.0 930.0 1437.0 800.0
