2021-11-16 26243.0 835.0 826.0 839.0 825.0 1010.0 186.0
2021-11-17 91097.0 844.9 851.7 859.9 825.0 1010.0 186.0
2021-11-18 30661.0 810.0 840.0 840.0 809.5 1010.0 186.0
2021-11-21 23481.0 800.0 810.0 819.0 795.0 1010.0 186.0
2021-11-22 18113.0 790.0 813.9 813.9 789.0 1010.0 186.0
2021-11-23 47540.0 751.0 782.1 795.0 751.0 1010.0 186.0
2021-11-24 45112.0 775.0 751.0 785.0 735.0 1010.0 186.0
2021-11-25 15304.0 772.0 790.0 790.5 765.0 1010.0 186.0
2021-11-28 52717.0 730.0 756.6 768.0 720.3 1010.0 186.0
2021-11-29 24028.0 747.0 725.0 752.7 720.0 1010.0 186.0
2021-11-30 21842.0 755.1 747.0 759.0 735.0 1010.0 186.0
2021-12-01 20673.0 761.0 756.0 773.0 755.8 1010.0 186.0
2021-12-02 23950.0 720.0 775.0 775.0 719.0 1010.0 186.0
2021-12-05 22597.0 685.0 711.2 727.0 685.0 1010.0 186.0
2021-12-06 40993.0 706.0 672.0 719.0 640.0 1010.0 186.0
2021-12-07 22962.0 670.0 720.0 720.1 670.0 1010.0 186.0
2021-12-08 23350.0 638.0 670.0 670.0 628.1 1010.0 186.0
2021-12-09 23992.0 640.0 638.0 652.0 625.3 1010.0 186.0
2021-12-12 19245.0 605.0 649.0 649.0 603.0 1010.0 186.0
2021-12-13 51995.00 548.0 592.9 592.9 544.5 1010.0 186.0
2021-12-14 15665.00 602.8 538.0 602.8 537.1 1010.0 186.0
2021-12-15 36425.00 610.5 614.8 660.0 605.7 1010.0 186.0
2021-12-16 19767.0 582.0 610.5 622.4 582.0 1010.0 186.0
2021-12-20 17022.0 568.0 571.0 587.0 549.0 1010.0 186.0
2021-12-21 10692.0 595.0 579.0 595.0 568.0 1010.0 186.0
2021-12-22 27698.0 620.1 606.9 626.0 593.9 1010.0 186.0
2021-12-23 21113.0 604.0 623.0 625.0 602.0 1010.0 186.0
2021-12-26 23253.0 603.0 611.0 611.0 595.1 1010.0 186.0
2021-12-27 31237.0 561.0 599.0 600.0 561.0 1010.0 186.0
2021-12-28 21963.0 585.0 556.0 597.0 550.0 1010.0 186.0
2021-12-29 25570.0 582.0 594.0 594.0 571.0 1010.0 186.0
2022-01-02 17954.0 558.0 544.0 558.0 544.0 1010.0 192.0
2022-01-03 18549.0 578.0 565.0 593.0 564.0 1010.0 192.0
2022-01-04 11768.0 594.0 578.0 597.7 572.0 1010.0 192.0
2022-01-05 25248.0 590.0 600.0 612.0 580.0 1010.0 192.0
2022-01-06 18065.0 595.0 580.0 600.0 580.0 1010.0 193.0
2022-01-09 36737.0 643.0 606.0 643.0 600.0 1010.0 195.0
2022-01-10 48841.0 672.0 655.0 680.0 641.9 1010.0 195.0
2022-01-11 49306.0 715.0 660.0 739.2 658.6 1010.0 202.0
2022-01-12 51776.0 708.0 720.0 740.0 699.0 1010.0 205.0
2022-01-13 33112.0 721.0 707.0 725.0 697.0 1010.0 208.0
2022-01-16 52836.0 742.5 735.0 763.0 731.0 1010.0 220.0
2022-01-17 17070.0 735.0 745.0 752.0 728.0 1010.0 220.0
2022-01-18 39935.0 715.0 723.6 753.7 700.0 1010.0 221.0
2022-01-19 29035.0 703.0 715.0 729.0 694.9 1010.0 223.0
2022-01-20 25075.0 723.0 698.0 728.0 689.0 1010.0 231.0
2022-01-23 27673.0 708.5 735.0 735.0 702.0 1010.0 231.0
2022-01-24 53102.0 672.0 705.0 712.0 663.0 1010.0 231.0
2022-01-25 32243.0 674.0 663.0 700.0 658.0 1010.0 231.0
2022-01-26 21088.0 666.0 674.0 679.9 656.0 1010.0 231.0
2022-01-27 14756.0 666.0 679.3 687.8 665.4 1010.0 231.0
2022-01-30 21590.0 706.0 679.0 707.0 679.0 1010.0 231.0
2022-01-31 17269.0 699.9 710.0 714.0 693.0 1010.0 231.0
2022-02-01 20366.0 720.5 695.0 725.0 694.0 1010.0 235.0
2022-02-03 26675.0 701.0 728.9 728.9 700.0 1010.0 239.0
2022-02-06 16335.0 679.5 688.5 700.0 679.5 1010.0 240.0
2022-02-07 8847.0 690.0 680.0 698.0 672.0 1010.0 240.0
2022-02-09 10596.0 675.0 680.0 688.0 667.0 1010.0 241.0
2022-02-10 22451.0 682.0 687.0 700.0 662.0 1010.0 241.0
2022-02-13 27997.0 649.5 668.4 668.4 645.0 1010.0 241.0
2022-02-14 15294.0 644.0 642.0 662.0 640.0 1010.0 241.0
2022-02-15 5337.0 670.0 656.5 674.0 644.0 1010.0 241.0
2022-02-16 10722.0 651.0 670.0 674.0 651.0 1010.0 241.0
2022-02-17 7749.0 655.0 663.0 663.0 645.0 1010.0 241.0
2022-02-20 6430.0 638.2 641.9 654.0 635.0 1010.0 241.0
2022-02-21 5026.0 644.1 649.9 649.9 641.0 1010.0 241.0
2022-02-22 8670.0 655.0 653.9 664.0 645.0 1010.0 241.0
