2021-11-16 7780.0 397.0 374.0 397.7 368.0 555.9 100.0
2021-11-17 15667.0 397.0 400.0 420.0 396.0 555.9 100.0
2021-11-18 11591.0 386.0 390.0 400.0 379.0 555.9 100.0
2021-11-21 4800.0 379.0 386.0 393.7 378.8 555.9 100.0
2021-11-22 13493.0 392.0 386.0 398.0 372.0 555.9 100.0
2021-11-23 7500.0 377.3 384.2 399.0 376.6 555.9 100.0
2021-11-24 11615.0 390.4 376.0 398.4 364.0 555.9 100.0
2021-11-25 7684.0 388.0 397.9 402.0 382.7 555.9 100.0
2021-11-28 14742.0 366.1 380.4 388.0 365.0 555.9 100.0
2021-11-29 5668.0 365.0 359.0 380.0 359.0 555.9 100.0
2021-11-30 4039.0 359.0 360.0 370.0 358.0 555.9 100.0
2021-12-01 4662.0 367.0 366.1 380.7 357.0 555.9 100.0
2021-12-02 3166.0 353.1 364.0 367.0 353.1 555.9 100.0
2021-12-05 3268.0 334.0 346.2 355.0 332.0 555.9 100.0
2021-12-06 6400.0 357.0 330.4 366.9 309.0 555.9 100.0
2021-12-07 14895.0 364.0 364.1 384.0 348.0 555.9 100.0
2021-12-08 3873.0 341.0 361.0 362.0 340.0 555.9 100.0
2021-12-09 6922.0 327.3 334.2 341.7 323.1 555.9 100.0
