2021-11-16 5601.0 627.1 607.0 638.0 607.0 860.0 499.0
2021-11-17 8190.0 632.0 627.1 641.0 625.0 860.0 499.0
2021-11-18 11320.0 625.0 620.0 632.0 609.0 860.0 499.0
2021-11-21 3226.0 623.0 625.0 631.0 612.1 860.0 499.0
2021-11-22 6206.0 631.0 612.1 639.0 612.0 860.0 499.0
2021-11-23 4075.0 619.9 620.0 630.0 617.0 860.0 499.0
2021-11-24 5017.0 620.0 607.7 620.0 600.1 860.0 499.0
2021-11-25 4669.0 619.0 610.0 619.0 610.0 860.0 499.0
2021-11-28 10749.0 600.0 607.0 634.0 588.0 860.0 499.0
2021-11-29 3404.0 600.0 592.0 618.0 590.5 860.0 499.0
2021-11-30 4664.0 599.0 600.1 612.0 590.1 860.0 499.0
2021-12-01 4410.0 600.0 590.0 605.0 590.0 860.0 499.0
2021-12-02 7615.0 592.0 598.0 600.0 579.5 860.0 499.0
2021-12-05 4848.0 574.0 581.0 581.0 565.0 860.0 499.0
2021-12-06 6087.0 586.0 567.0 586.0 557.0 860.0 499.0
2021-12-07 2796.0 567.0 575.0 591.0 565.0 860.0 499.0
2021-12-08 4414.0 562.0 557.0 570.0 555.0 860.0 499.0
2021-12-09 2512.0 558.0 550.9 559.0 550.8 860.0 499.0
2021-12-12 5266.0 539.0 550.0 555.0 530.0 860.0 499.0
2021-12-13 19444.00 495.0 539.0 539.0 485.1 860.0 485.1
2021-12-14 1467.00 513.0 504.9 524.9 503.0 860.0 485.1
2021-12-15 10751.00 517.0 523.2 535.0 495.1 860.0 485.1
2021-12-16 2310.0 500.0 506.7 510.0 496.6 860.0 485.1
2021-12-20 2000.0 499.0 495.0 514.0 486.0 860.0 485.1
2021-12-21 1810.0 513.0 489.2 513.0 489.2 860.0 485.1
2021-12-22 3917.0 525.0 523.0 538.0 516.0 860.0 485.1
2021-12-23 6597.0 545.7 527.0 545.7 518.8 860.0 485.1
2021-12-26 14265.0 600.2 556.0 600.2 552.0 860.0 485.1
2021-12-27 19089.0 571.0 612.2 636.0 570.0 860.0 485.1
2021-12-28 5438.0 570.0 575.0 575.0 552.6 860.0 485.1
2021-12-29 5022.0 578.9 560.0 580.5 550.0 860.0 485.1
2022-01-02 6174.0 596.9 573.0 597.0 573.0 860.0 485.1
2022-01-03 4935.0 592.0 597.0 602.0 587.0 860.0 485.1
2022-01-04 13080.0 621.0 582.0 640.0 582.0 860.0 485.1
2022-01-05 5469.0 609.0 611.1 620.0 597.0 860.0 485.1
2022-01-06 2260.0 604.0 596.9 612.0 587.0 860.0 485.1
2022-01-09 20076.0 650.0 609.0 659.0 599.0 860.0 485.1
2022-01-10 11317.0 650.0 654.0 658.9 640.0 860.0 485.1
2022-01-11 24921.0 672.0 652.0 675.0 651.5 860.0 485.1
2022-01-12 14926.0 660.0 661.1 674.0 646.8 860.0 485.1
2022-01-13 13405.0 673.0 647.0 680.0 640.0 860.0 485.1
2022-01-16 30192.0 680.0 686.3 710.0 673.0 860.0 485.1
2022-01-17 7500.0 685.0 693.0 700.0 667.0 860.0 485.1
2022-01-18 16973.0 665.0 672.0 689.0 658.8 860.0 485.1
2022-01-19 11109.0 657.9 675.0 677.0 652.3 860.0 485.1
2022-01-20 15724.0 666.0 669.0 670.0 647.0 860.0 485.1
2022-01-23 27311.0 680.0 666.0 692.0 666.0 860.0 485.1
2022-01-24 29453.0 652.0 667.0 680.0 642.2 860.0 485.1
2022-01-25 20896.0 652.0 640.0 678.0 627.0 860.0 485.1
2022-01-26 7224.0 652.0 641.3 667.1 641.3 860.0 485.1
2022-01-27 7434.0 654.0 650.0 663.0 639.4 860.0 485.1
2022-01-30 12138.0 675.0 667.0 699.0 665.0 860.0 485.1
2022-01-31 5580.0 662.3 679.0 679.0 655.0 860.0 485.1
2022-02-01 6874.0 673.8 662.0 674.0 655.1 860.0 485.1
2022-02-03 9504.0 665.3 664.0 678.7 664.0 860.0 485.1
2022-02-06 4511.0 651.0 653.1 660.0 650.0 860.0 485.1
2022-02-07 7601.0 659.0 638.0 690.0 638.0 860.0 485.1
2022-02-09 2697.0 645.0 640.0 654.0 640.0 860.0 485.1
2022-02-10 5345.0 650.0 657.0 657.0 635.0 860.0 485.1
2022-02-13 7411.0 615.0 637.0 637.0 608.0 860.0 485.1
2022-02-14 3445.0 610.0 610.1 634.0 610.0 860.0 485.1
2022-02-15 3272.0 615.0 603.0 622.2 603.0 860.0 485.1
2022-02-16 3917.0 606.0 615.0 628.3 604.0 860.0 485.1
2022-02-17 4041.0 607.0 600.1 610.0 600.1 860.0 485.1
2022-02-20 4871.0 598.9 605.0 605.0 586.1 860.0 485.1
2022-02-21 1865.0 605.0 587.0 610.0 587.0 860.0 485.1
2022-02-22 2941.0 597.0 605.0 617.1 593.1 860.0 485.1
