2021-11-16 1526.0 2235.0 2220.0 2240.0 2191.1 3191.0 1307.0
2021-11-17 2203.0 2230.0 2255.0 2270.0 2230.0 3191.0 1307.0
2021-11-18 1917.0 2199.0 2263.0 2263.0 2186.0 3191.0 1307.0
2021-11-21 3549.0 2241.0 2242.9 2299.9 2202.0 3191.0 1307.0
2021-11-22 3427.0 2269.0 2270.0 2280.0 2250.0 3191.0 1307.0
2021-11-23 2917.0 2240.0 2250.0 2250.0 2225.0 3191.0 1307.0
2021-11-24 737.0 2227.0 2249.0 2249.0 2220.0 3191.0 1307.0
2021-11-25 1825.0 2249.0 2200.0 2249.0 2198.1 3191.0 1350.0
2021-11-28 4931.0 2185.0 2210.0 2245.0 2180.1 3191.0 1352.0
2021-11-29 7625.0 2175.1 2209.0 2228.0 2170.0 3191.0 1352.0
2021-11-30 2911.0 1690.0 1699.0 1799.0 1675.0 3191.0 1352.0
2021-12-01 2090.0 1640.0 1700.0 1700.0 1640.0 3191.0 1352.0
2021-12-02 2112.0 1575.0 1649.0 1649.0 1567.0 3191.0 1352.0
2021-12-05 4032.0 1495.0 1575.0 1575.0 1481.0 3191.0 1352.0
2021-12-06 5873.0 1568.0 1495.0 1600.0 1451.0 3191.0 1352.0
2021-12-07 3335.0 1550.0 1598.0 1598.0 1550.0 3191.0 1352.0
2021-12-08 2172.0 1487.0 1549.9 1550.0 1485.0 3191.0 1352.0
2021-12-09 3311.0 1500.0 1514.9 1514.9 1443.0 3191.0 1352.0
