2021-11-16 190428.0 21.0 20.97 21.1 20.97 25.09 10.67
2021-11-17 110080.0 21.22 21.15 21.4 21.0 25.09 10.67
2021-11-18 174674.0 21.18 20.8 21.37 20.8 25.09 10.67
2021-11-21 175480.0 21.12 21.4 21.48 21.01 25.09 10.67
2021-11-22 895414.0 21.11 21.4 21.45 21.0 25.09 10.67
2021-11-23 171366.0 21.42 21.3 21.9 21.14 25.09 10.67
2021-11-24 93100.0 21.21 21.0 21.26 20.7 25.09 10.67
2021-11-25 438895.0 21.5 21.63 21.75 21.35 25.09 10.67
2021-11-28 453319.0 21.31 21.5 21.55 21.0 25.09 10.67
2021-11-29 229199.0 21.3 20.9 21.4 20.5 25.09 10.67
2021-11-30 288610.0 20.99 21.6 21.9 20.88 25.09 10.67
2021-12-01 261751.0 21.14 21.38 21.39 21.0 25.09 10.67
2021-12-02 354734.0 21.08 21.44 21.44 20.98 25.09 10.67
2021-12-05 293147.0 20.9 21.02 21.4 20.82 25.09 10.67
2021-12-06 381957.0 20.85 20.57 20.97 20.54 25.09 10.67
2021-12-07 1867173.0 20.88 21.1 21.2 20.5 25.09 10.67
2021-12-08 282481.0 10.74 11.09 11.09 10.57 25.09 10.57
2021-12-09 265976.0 10.7 10.74 10.79 10.36 25.09 10.36
2021-12-12 141110.0 10.45 10.7 10.72 10.36 25.09 10.36
2021-12-13 405783.00 10.0 10.25 10.25 9.9 25.09 9.9
2021-12-14 13800.00 10.4 10.19 10.48 10.19 25.09 9.9
2021-12-15 113963.00 10.64 10.5 10.7 10.49 25.09 9.9
2021-12-16 36731.0 10.77 10.85 11.05 10.46 25.09 9.9
2021-12-20 56220.0 10.6 10.56 10.7 10.5 25.09 9.9
2021-12-21 50455.0 10.79 10.6 10.81 10.6 25.09 9.9
2021-12-22 98725.0 10.79 10.61 10.82 10.6 25.09 9.9
2021-12-23 225628.0 10.7 10.7 10.85 10.61 25.09 9.9
2021-12-26 69497.0 10.65 10.9 10.9 10.65 25.09 9.9
2021-12-27 292784.0 10.8 10.66 10.9 10.66 25.09 9.9
2021-12-28 30360.0 10.67 10.87 10.87 10.66 25.09 9.9
2021-12-29 54080.0 10.65 10.61 10.8 10.61 25.09 9.9
2022-01-02 78503.0 10.8 10.56 10.8 10.5 25.09 9.9
2022-01-03 48860.0 10.65 10.59 10.8 10.59 25.09 9.9
2022-01-04 53277.0 10.73 10.86 10.9 10.65 25.09 9.9
2022-01-05 55414.0 10.72 10.94 10.94 10.7 25.09 9.9
2022-01-06 72700.0 10.8 10.7 10.93 10.6 25.09 9.9
2022-01-09 130585.0 10.99 10.8 11.2 10.8 25.09 9.9
2022-01-10 186300.0 11.0 11.09 11.09 10.95 25.09 9.9
2022-01-11 147491.0 10.99 11.1 11.1 10.88 25.09 9.9
2022-01-12 109521.0 10.99 11.1 11.1 10.95 25.09 9.9
2022-01-13 98385.0 11.05 11.0 11.1 10.88 25.09 9.9
2022-01-16 607800.0 11.35 11.2 11.4 11.0 25.09 9.9
2022-01-17 162663.0 11.9 11.57 11.9 11.55 25.09 9.9
2022-01-18 329694.0 12.42 12.0 12.64 12.0 25.09 9.9
2022-01-19 408379.0 11.9 12.5 12.5 11.71 25.09 9.9
2022-01-20 86461.0 12.36 11.9 12.4 11.9 25.09 9.9
2022-01-23 213598.0 12.4 12.5 12.5 12.2 25.09 9.9
2022-01-24 311754.0 11.82 12.5 12.5 11.57 25.09 9.9
2022-01-25 101304.0 12.0 12.0 12.29 11.86 25.09 9.9
2022-01-26 256170.0 11.78 11.82 12.03 11.26 25.09 9.9
2022-01-27 98150.0 11.64 11.8 11.8 11.59 25.09 9.9
2022-01-30 65324.0 12.14 11.87 12.29 11.87 25.09 9.9
2022-01-31 390488.0 12.2 12.37 12.38 12.14 25.09 9.9
2022-02-01 252070.0 12.15 12.2 12.25 12.0 25.09 9.9
2022-02-03 207214.0 12.1 12.39 12.39 11.91 25.09 9.9
2022-02-06 73745.0 12.07 12.34 12.34 11.78 25.09 9.9
2022-02-07 105875.0 12.2 12.3 12.3 12.01 25.09 9.9
2022-02-09 38445.0 12.2 11.9 12.2 11.9 25.09 9.9
2022-02-10 160685.0 11.81 11.96 12.2 11.73 25.09 9.9
2022-02-13 94103.0 11.71 11.8 11.81 11.6 25.09 9.9
2022-02-14 88140.0 11.68 11.9 11.9 11.68 25.09 9.9
2022-02-15 112860.0 11.9 11.91 11.91 11.6 25.09 9.9
2022-02-16 61439.0 11.7 12.0 12.0 11.7 25.09 9.9
2022-02-17 76185.0 11.8 11.93 11.93 11.73 25.09 9.9
2022-02-20 37350.0 11.72 11.8 11.9 11.71 25.09 9.9
2022-02-21 54700.0 11.75 11.8 11.8 11.72 25.09 9.9
2022-02-22 177230.0 11.74 11.71 11.8 11.6 25.09 9.9
