2021-11-16 140.0 1390.0 1366.1 1417.8 1366.1 2245.0 730.0
2021-11-17 495.0 1421.0 1390.0 1440.0 1390.0 2245.0 730.0
2021-11-18 390.0 1386.0 1421.0 1421.0 1386.0 2245.0 730.0
2021-11-21 70.0 1385.0 1366.0 1385.0 1366.0 2245.0 737.0
2021-11-22 759.0 1361.0 1386.0 1405.0 1359.0 2245.0 737.0
2021-11-23 240.0 1365.1 1334.0 1407.0 1334.0 2245.0 737.0
2021-11-24 300.0 1361.0 1350.0 1415.0 1350.0 2245.0 737.0
2021-11-25 260.0 1365.0 1336.0 1380.0 1336.0 2245.0 737.0
2021-11-28 750.0 1312.0 1340.0 1340.0 1285.9 2245.0 740.0
2021-11-29 470.0 1315.0 1285.8 1336.0 1285.0 2245.0 740.0
2021-11-30 165.0 1290.2 1295.0 1300.0 1290.2 2245.0 740.0
2021-12-01 308.0 1299.5 1290.0 1326.0 1290.0 2245.0 740.0
2021-12-02 1090.0 1254.4 1280.0 1280.0 1254.4 2245.0 740.0
2021-12-05 1498.0 1206.0 1279.4 1279.4 1206.0 2245.0 740.0
2021-12-06 503.0 1230.0 1182.0 1250.0 1161.0 2245.0 740.0
2021-12-07 200.0 1233.0 1244.0 1245.0 1233.0 2245.0 740.0
2021-12-08 150.0 1155.0 1212.6 1212.6 1155.0 2245.0 740.0
2021-12-09 125.0 1173.0 1150.0 1173.0 1141.0 2245.0 740.0
2021-12-12 180.0 1130.0 1151.0 1155.0 1130.0 2245.0 770.0
2021-12-13 615.00 1040.0 1109.0 1109.0 1017.0 2245.0 770.0
2021-12-14 106.00 1070.0 1060.0 1081.0 1039.0 2245.0 785.0
2021-12-15 871.00 1098.0 1091.4 1154.0 1074.0 2245.0 800.0
2021-12-16 487.0 1077.0 1100.0 1100.0 1077.0 2245.0 800.0
2021-12-20 140.0 1098.0 1055.5 1098.0 1054.6 2245.0 800.0
2021-12-21 746.0 1117.0 1076.2 1119.0 1076.1 2245.0 800.0
2021-12-22 479.0 1180.0 1096.0 1186.0 1096.0 2245.0 807.0
2021-12-23 565.0 1181.0 1180.0 1227.0 1180.0 2245.0 807.0
2021-12-26 520.0 1240.0 1200.0 1248.4 1200.0 2245.0 807.0
2021-12-27 685.0 1181.0 1216.0 1244.4 1181.0 2245.0 807.0
2021-12-28 210.0 1168.9 1158.0 1168.9 1141.1 2245.0 810.0
2021-12-29 140.0 1200.0 1172.0 1200.0 1172.0 2245.0 810.0
2022-01-02 755.0 1215.2 1224.0 1310.0 1215.2 2245.0 811.0
2022-01-03 2152.0 1330.0 1222.0 1336.7 1222.0 2245.0 811.0
2022-01-04 621.0 1362.2 1305.0 1400.0 1305.0 2245.0 846.0
2022-01-05 1090.0 1325.0 1362.0 1362.0 1320.0 2245.0 855.0
2022-01-06 225.0 1345.0 1299.0 1345.0 1299.0 2245.0 880.0
2022-01-09 1639.0 1415.0 1360.0 1415.0 1352.5 2245.0 885.0
2022-01-10 800.0 1400.0 1395.0 1400.0 1370.1 2245.0 885.0
2022-01-11 746.0 1421.0 1409.0 1470.0 1409.0 2245.0 885.0
2022-01-12 680.0 1401.3 1435.0 1460.0 1380.0 2245.0 885.0
2022-01-13 690.0 1418.0 1410.0 1450.0 1375.0 2245.0 908.0
2022-01-16 745.0 1470.0 1446.0 1509.6 1446.0 2245.0 950.0
2022-01-17 698.0 1470.0 1480.0 1499.0 1456.0 2245.0 950.0
2022-01-18 1281.0 1498.0 1441.0 1499.0 1412.2 2245.0 1017.0
2022-01-19 2819.0 1464.0 1469.0 1469.0 1401.4 2245.0 1017.0
2022-01-20 130.0 1491.0 1435.0 1491.0 1435.0 2245.0 1017.0
2022-01-23 1065.0 1455.0 1461.2 1464.0 1432.0 2245.0 1017.0
2022-01-24 1801.0 1399.0 1426.1 1430.0 1375.0 2245.0 1017.0
2022-01-25 697.0 1380.0 1400.0 1415.0 1373.0 2245.0 1017.0
2022-01-26 866.0 1381.0 1357.1 1385.0 1357.1 2245.0 1017.0
2022-01-27 200.0 1374.0 1395.0 1395.0 1372.0 2245.0 1017.0
2022-01-30 589.0 1408.0 1401.4 1420.0 1390.0 2245.0 1017.0
2022-01-31 833.0 1370.0 1400.0 1400.0 1370.0 2245.0 1017.0
2022-02-01 679.0 1400.0 1371.0 1410.0 1370.0 2245.0 1017.0
2022-02-03 1215.0 1375.0 1400.0 1400.0 1374.0 2245.0 1017.0
2022-02-06 980.0 1325.0 1370.0 1379.0 1325.0 2245.0 1017.0
2022-02-07 786.0 1320.0 1305.0 1356.6 1305.0 2245.0 1017.0
2022-02-09 586.0 1290.0 1307.0 1350.0 1290.0 2245.0 1017.0
2022-02-10 959.0 1300.1 1315.8 1315.8 1280.0 2245.0 1017.0
2022-02-13 1529.0 1281.0 1274.1 1320.0 1253.0 2245.0 1017.0
2022-02-14 294.0 1279.0 1300.0 1300.0 1275.0 2245.0 1017.0
2022-02-15 484.0 1310.0 1303.9 1315.0 1286.0 2245.0 1017.0
2022-02-16 1642.0 1355.0 1335.0 1375.0 1323.0 2245.0 1017.0
2022-02-17 608.0 1345.0 1350.0 1350.0 1335.5 2245.0 1017.0
2022-02-20 1875.0 1304.1 1344.0 1344.0 1300.0 2245.0 1017.0
2022-02-21 3342.0 1430.0 1330.0 1430.0 1320.0 2245.0 1017.0
2022-02-22 5142.0 1420.0 1458.0 1488.0 1420.0 2245.0 1017.0
