2021-11-16 7163.0 495.0 484.0 513.0 479.3 657.0 299.0
2021-11-17 8704.0 495.0 485.2 524.0 485.2 657.0 299.0
2021-11-18 5480.0 481.0 485.1 494.0 476.0 657.0 299.0
2021-11-21 5685.0 474.0 474.0 481.0 466.0 657.0 299.0
2021-11-22 6065.0 470.2 470.0 491.0 470.0 657.0 299.0
2021-11-23 6891.0 462.0 461.0 471.0 455.0 657.0 299.0
2021-11-24 9570.0 480.0 455.0 487.0 444.0 657.0 299.0
2021-11-25 12338.0 472.0 471.0 480.0 462.1 657.0 299.0
2021-11-28 39839.0 439.0 462.6 462.6 424.8 657.0 299.0
2021-11-29 10990.0 434.0 447.7 456.6 421.4 657.0 299.0
2021-11-30 12939.0 438.1 434.0 443.0 419.0 657.0 299.0
2021-12-01 15623.0 433.0 430.0 445.0 426.0 657.0 299.0
2021-12-02 11713.0 422.0 425.0 430.0 412.0 657.0 299.0
