2021-08-03 141545.0 812.0 781.0 825.0 778.0 901.0 430.0 BULLISH BULLISH BULLISH 805.0 785.0 758.0 738.0 832.0 852.0 879.0
2021-08-04 83086.0 809.0 815.0 818.0 801.0 901.0 430.0 BULLISH BULLISH BULLISH 809.33 800.67 792.33 783.67 817.67 826.33 834.67
2021-08-05 106960.0 813.0 813.0 828.0 810.0 901.0 430.0 BULLISH BULLISH BULLISH 809.33 800.67 792.33 783.67 817.67 826.33 834.67
2021-08-09 66989.0 800.0 810.0 813.0 795.0 901.0 431.0 BEARISH BULLISH BULLISH 802.67 792.33 784.67 774.33 810.33 820.67 828.33
2021-08-12 52040.0 790.6 796.0 805.0 789.0 901.0 455.0 BEARISH BEARISH BULLISH 794.87 784.73 778.87 768.73 800.73 810.87 816.73
2021-08-15 39048.0 777.1 774.8 794.0 774.8 901.0 455.0 BEARISH BEARISH BULLISH 781.97 769.93 762.77 750.73 789.13 801.17 808.33
2021-08-16 33817.0 778.0 790.0 790.0 762.0 901.0 455.0 BEARISH BEARISH BULLISH 776.67 763.33 748.67 735.33 791.33 804.67 819.33
2021-08-17 45348.0 768.0 779.0 793.0 767.3 901.0 455.0 BEARISH BEARISH BULLISH 776.67 763.33 748.67 735.33 791.33 804.67 819.33
2021-08-18 41904.0 776.0 755.0 785.4 755.0 901.0 455.0 BEARISH BEARISH BULLISH 772.13 758.87 741.73 728.47 789.27 802.53 819.67
2021-08-19 115213.0 804.0 790.0 840.0 784.0 901.0 455.0 BULLISH BULLISH BULLISH 809.33 778.67 753.33 722.67 834.67 865.33 890.67
2021-08-24 67685.0 788.0 820.0 820.0 775.0 901.0 485.0 BULLISH BEARISH BULLISH 794.33 768.67 749.33 723.67 813.67 839.33 858.67
