2021-11-16 165.0 1560.0 1545.0 1568.0 1541.0 1996.0 820.0
2021-11-17 218.0 1525.0 1530.0 1542.0 1525.0 1996.0 820.0
2021-11-18 608.0 1500.0 1501.0 1505.0 1494.5 1996.0 820.0
2021-11-21 669.0 1500.0 1530.0 1530.0 1500.0 1996.0 820.0
2021-11-22 972.0 1483.0 1500.0 1505.0 1480.0 1996.0 820.0
2021-11-23 2646.0 1520.0 1462.0 1581.0 1462.0 1996.0 820.0
2021-11-24 274.0 1540.0 1510.0 1540.0 1490.0 1996.0 826.0
2021-11-25 222.0 1518.0 1540.0 1540.0 1482.0 1996.0 826.0
2021-11-28 367.0 1488.0 1489.5 1489.5 1470.0 1996.0 835.0
2021-11-29 1477.0 1430.3 1488.0 1488.0 1430.0 1996.0 835.0
2021-11-30 220.0 1470.0 1413.2 1470.0 1413.2 1996.0 835.0
2021-12-01 106.0 1450.0 1441.1 1470.0 1441.1 1996.0 835.0
2021-12-02 373.0 1440.0 1421.0 1449.4 1421.0 1996.0 835.0
2021-12-05 720.0 1391.0 1415.0 1439.0 1390.0 1996.0 835.0
2021-12-06 539.0 1439.0 1390.0 1456.0 1366.0 1996.0 835.0
2021-12-07 190.0 1440.0 1430.0 1440.0 1412.0 1996.0 835.0
2021-12-08 341.0 1395.0 1440.0 1440.0 1390.0 1996.0 835.0
2021-12-09 913.0 1422.5 1368.0 1422.5 1350.0 1996.0 835.0
