2021-11-16 25514.0 567.0 547.0 567.0 546.0 773.0 184.0
2021-11-17 31590.0 545.0 571.0 585.0 545.0 773.0 184.0
2021-11-18 39573.0 563.9 545.0 570.0 545.0 773.0 184.0
2021-11-21 10949.0 564.0 560.0 572.0 554.0 773.0 184.0
2021-11-22 10828.0 553.0 571.0 571.0 547.0 773.0 184.0
2021-11-23 30934.0 530.0 553.0 553.0 525.0 773.0 184.0
2021-11-24 14642.0 545.0 521.0 561.0 519.4 773.0 184.0
2021-11-25 19423.0 539.0 555.0 563.0 532.0 773.0 184.0
2021-11-28 22942.0 519.0 529.0 539.3 517.0 773.0 184.0
2021-11-29 10190.0 516.6 525.0 540.0 516.0 773.0 184.0
2021-11-30 24461.0 505.0 526.9 526.9 499.1 773.0 184.0
2021-12-01 6713.0 512.6 515.1 525.0 505.0 773.0 184.0
2021-12-02 25066.0 488.1 513.0 513.0 486.0 773.0 184.0
2021-12-05 22759.0 464.0 478.4 487.4 460.7 773.0 184.0
2021-12-06 14296.0 473.0 457.1 484.0 440.0 773.0 184.0
2021-12-07 16612.0 460.0 482.4 501.0 460.0 773.0 184.0
2021-12-08 8963.0 440.0 451.0 469.0 438.1 773.0 184.0
2021-12-09 14817.0 433.0 435.0 454.0 424.0 773.0 184.0
