2021-11-16 17015.0 434.0 415.0 440.0 404.0 537.9 129.0
2021-11-17 21534.0 428.4 439.9 442.0 420.0 537.9 129.0
2021-11-18 17978.0 415.0 419.9 421.0 410.0 537.9 129.0
2021-11-21 8730.0 405.0 410.0 415.0 403.0 537.9 129.0
2021-11-22 5460.0 408.9 398.0 413.0 398.0 537.9 129.0
2021-11-23 11910.0 400.0 400.8 407.0 393.0 537.9 129.0
2021-11-24 7976.0 397.0 392.0 405.0 388.0 537.9 129.0
2021-11-25 5696.0 400.0 400.0 402.0 392.2 537.9 129.0
2021-11-28 11104.0 385.0 393.0 399.0 383.0 537.9 129.0
2021-11-29 6908.0 378.0 382.2 394.0 375.0 537.9 129.0
2021-11-30 6257.0 382.0 381.0 388.6 376.0 537.9 129.0
2021-12-01 8265.0 379.0 382.0 390.0 370.0 537.9 129.0
2021-12-02 6472.0 368.0 386.0 393.7 365.1 537.9 129.0
2021-12-05 13650.0 345.0 361.0 362.1 345.0 537.9 129.0
2021-12-06 10197.0 367.0 339.0 367.0 320.2 537.9 129.0
2021-12-07 12637.0 368.0 362.0 383.5 348.0 537.9 129.0
2021-12-08 7673.0 340.0 361.0 361.0 338.0 537.9 129.0
2021-12-09 6861.0 335.1 333.5 352.0 333.2 537.9 129.0
