2021-11-16 7710.0 870.1 840.0 885.0 840.0 1500.0 175.0
2021-11-17 16084.0 928.0 887.5 957.1 882.0 1500.0 175.0
2021-11-18 6525.0 895.0 930.0 945.0 890.0 1500.0 175.0
2021-11-21 4855.0 880.0 895.0 895.0 871.0 1500.0 180.0
2021-11-22 4317.0 880.0 880.0 912.0 860.5 1500.0 180.0
2021-11-23 3244.0 864.0 880.0 897.0 835.0 1500.0 180.0
2021-11-24 4028.0 842.0 850.0 869.0 828.1 1500.0 180.0
2021-11-25 7836.0 835.0 858.8 869.0 835.0 1500.0 180.0
2021-11-28 6604.0 815.0 820.0 850.0 802.1 1500.0 180.0
2021-11-29 4081.0 795.0 831.3 831.3 795.0 1500.0 180.0
2021-11-30 9953.0 794.0 810.0 826.0 779.0 1500.0 180.0
2021-12-01 3746.0 809.7 805.0 809.7 796.1 1500.0 180.0
2021-12-02 6937.0 783.0 801.0 801.0 765.0 1500.0 180.0
2021-12-05 9232.0 743.1 768.0 780.0 741.0 1500.0 180.0
2021-12-06 10728.0 764.9 730.0 764.9 717.0 1500.0 180.0
2021-12-07 5083.0 754.0 779.9 780.1 740.0 1500.0 180.0
2021-12-08 6003.0 730.0 739.0 766.0 730.0 1500.0 180.0
2021-12-09 4406.0 725.1 716.0 744.6 716.0 1500.0 180.0
2021-12-12 8006.0 705.1 739.0 739.0 705.0 1500.0 180.0
2021-12-13 11904.00 771.9 705.0 771.9 651.8 1500.0 180.0
2021-12-14 21798.00 849.0 756.5 849.0 716.0 1500.0 180.0
2021-12-15 46028.00 888.0 855.0 892.5 820.0 1500.0 180.0
2021-12-16 21893.0 923.0 870.3 923.0 835.9 1500.0 180.0
2021-12-20 227143.0 1015.3 904.6 1015.3 830.7 1500.0 180.0
2021-12-21 47236.0 925.0 995.0 995.0 913.8 1500.0 180.0
2021-12-22 155215.0 905.0 925.0 925.0 832.5 1500.0 190.0
2021-12-23 251438.0 844.0 886.9 886.9 814.5 1500.0 190.0
2021-12-26 99892.0 797.0 844.0 844.0 764.0 1500.0 190.0
2021-12-27 129355.0 876.7 797.0 876.7 755.7 1500.0 190.0
2021-12-28 71664.0 789.1 859.2 859.2 789.1 1500.0 191.0
2021-12-29 149319.0 822.0 775.0 822.0 760.0 1500.0 193.0
2022-01-02 73992.0 779.9 806.0 806.0 774.2 1500.0 199.0
2022-01-03 123885.0 770.0 765.9 781.0 765.9 1500.0 199.0
2022-01-04 68245.0 769.9 775.0 785.0 755.0 1500.0 199.0
2022-01-05 69772.0 769.9 772.0 780.0 755.0 1500.0 199.0
2022-01-06 58544.0 765.0 760.0 784.0 760.0 1500.0 199.0
2022-01-09 203109.0 774.0 755.0 786.0 755.0 1500.0 225.0
2022-01-10 278555.0 829.0 784.9 831.0 777.0 1500.0 225.0
2022-01-11 186950.0 894.0 845.5 903.0 836.0 1500.0 226.0
2022-01-12 198759.0 864.0 911.0 913.0 860.0 1500.0 226.0
2022-01-13 136775.0 878.0 864.0 891.0 848.0 1500.0 253.0
2022-01-16 219131.0 880.0 895.4 913.3 878.0 1500.0 261.0
2022-01-17 86513.0 875.0 881.0 897.0 870.1 1500.0 261.0
2022-01-18 88989.0 845.0 876.0 889.0 842.8 1500.0 294.0
2022-01-19 87342.0 834.9 850.0 857.0 817.1 1500.0 336.0
2022-01-20 78994.0 870.0 822.0 874.9 819.0 1500.0 342.0
2022-01-23 178234.0 825.9 852.6 852.6 787.0 1500.0 380.0
2022-01-24 135460.0 838.4 810.0 838.4 772.0 1500.0 380.0
2022-01-25 69229.0 800.0 821.7 821.7 775.0 1500.0 380.0
2022-01-26 117091.0 781.0 816.0 816.0 771.0 1500.0 380.0
2022-01-27 27530.0 779.0 794.0 795.0 775.1 1500.0 380.0
2022-01-30 40043.0 810.0 794.5 819.0 794.4 1500.0 380.0
2022-01-31 27201.0 793.2 820.0 820.0 780.0 1500.0 380.0
2022-02-01 43851.0 802.0 782.0 805.0 781.0 1500.0 380.0
2022-02-03 63408.0 778.0 803.1 816.0 775.0 1500.0 380.0
2022-02-06 42550.0 773.8 778.0 778.0 764.0 1500.0 380.0
2022-02-07 44694.0 770.0 765.2 785.0 764.0 1500.0 380.0
2022-02-09 43000.0 758.0 768.0 770.0 745.0 1500.0 380.0
2022-02-10 38816.0 757.2 755.0 771.0 748.0 1500.0 380.0
2022-02-13 47217.0 719.0 757.0 757.0 715.1 1500.0 380.0
2022-02-14 40418.0 710.0 731.9 735.0 709.0 1500.0 380.0
2022-02-15 60306.0 720.0 709.0 724.2 700.0 1500.0 380.0
2022-02-16 75085.0 702.0 720.0 725.0 695.0 1500.0 380.0
2022-02-17 42404.0 696.0 707.9 715.0 694.0 1500.0 380.0
2022-02-20 33217.0 671.0 683.0 686.0 670.0 1500.0 380.0
2022-02-21 47132.0 691.0 682.2 710.0 670.0 1500.0 380.0
2022-02-22 86373.0 717.0 704.8 725.0 691.0 1500.0 380.0
