2021-11-16 95.0 1155.0 1155.0 1155.0 1155.0 1242.0 1050.0
2021-11-17 50.0 1140.0 1140.0 1140.0 1140.0 1242.0 1050.0
2021-11-22 25.0 1140.0 1140.0 1140.0 1140.0 1242.0 1050.0
2021-11-24 75.0 1161.0 1159.9 1161.0 1159.9 1242.0 1050.0
2021-12-05 245.0 1127.0 1137.9 1150.0 1127.0 1242.0 1050.0
2021-12-06 50.0 1127.0 1127.0 1127.0 1127.0 1242.0 1050.0
2021-12-08 50.0 1127.0 1127.0 1127.0 1127.0 1242.0 1050.0
2021-12-09 550.0 1115.0 1112.0 1115.0 1111.0 1242.0 1050.0
2021-12-12 100.0 1130.0 1130.0 1130.0 1130.0 1242.0 1050.0
2021-12-13 255.00 1140.0 1130.0 1140.0 1130.0 1242.0 1050.0
2021-12-16 200.0 1120.0 1120.0 1120.0 1120.0 1242.0 1050.0
2021-12-20 100.0 1130.0 1130.0 1130.0 1130.0 1242.0 1050.0
2021-12-21 65.0 1129.6 1152.6 1152.6 1129.6 1242.0 1050.0
2021-12-22 50.0 1152.1 1152.1 1152.1 1152.1 1242.0 1050.0
2021-12-27 100.0 1159.9 1159.9 1159.9 1159.9 1242.0 1050.0
2022-01-03 90.0 1160.0 1160.0 1160.0 1160.0 1242.0 1050.0
2022-01-04 200.0 1160.0 1160.0 1160.0 1160.0 1242.0 1050.0
2022-01-05 50.0 1150.0 1155.0 1155.0 1150.0 1242.0 1050.0
2022-01-09 165.0 1150.0 1150.0 1150.0 1150.0 1242.0 1050.0
2022-01-10 35.0 1173.0 1172.0 1173.0 1172.0 1242.0 1050.0
2022-01-18 250.0 1120.0 1149.6 1149.6 1120.0 1242.0 1050.0
2022-01-19 95.0 1097.6 1120.0 1120.0 1097.6 1242.0 1050.0
2022-01-20 495.0 1090.0 1082.1 1090.0 1080.2 1242.0 1050.0
2022-01-23 230.0 1100.0 1084.0 1100.0 1084.0 1242.0 1050.0
2022-01-25 496.0 1091.0 1091.0 1091.0 1091.0 1242.0 1050.0
2022-01-26 150.0 1091.0 1100.0 1100.0 1091.0 1242.0 1050.0
2022-01-27 50.0 1100.0 1100.0 1100.0 1100.0 1242.0 1050.0
2022-01-30 400.0 1100.0 1091.0 1100.0 1090.0 1242.0 1050.0
2022-01-31 60.0 1110.0 1101.0 1110.0 1101.0 1242.0 1050.0
2022-02-03 165.0 1105.0 1110.0 1110.0 1105.0 1242.0 1050.0
2022-02-06 400.0 1101.0 1105.0 1105.0 1101.0 1242.0 1050.0
2022-02-07 100.0 1100.0 1100.0 1100.0 1100.0 1242.0 1050.0
2022-02-10 115.0 1100.0 1100.0 1100.0 1100.0 1242.0 1050.0
2022-02-13 640.0 1100.0 1100.0 1100.0 1100.0 1242.0 1050.0
2022-02-14 600.0 1095.0 1100.0 1100.0 1095.0 1242.0 1050.0
2022-02-15 625.0 1090.0 1095.0 1095.0 1090.0 1242.0 1050.0
2022-02-16 221.0 1091.0 1091.0 1091.0 1091.0 1242.0 1050.0
2022-02-17 300.0 1095.0 1095.0 1095.0 1095.0 1242.0 1050.0
2022-02-20 120.0 1091.0 1091.0 1091.0 1091.0 1242.0 1050.0
2022-02-21 170.0 1091.0 1091.0 1091.0 1091.0 1242.0 1050.0
2022-02-22 181.0 1100.0 1100.0 1100.0 1100.0 1242.0 1050.0
