2021-05-13 57201.0 484.0 511.0 511.0 477.0 749.0 452.0 BEARISH BEARISH BEARISH 490.67 470.33 456.67 436.33 504.33 524.67 538.33
2021-05-13 57201.0 484.0 511.0 511.0 477.0 749.0 452.0 BEARISH BEARISH BEARISH 490.67 470.33 456.67 436.33 504.33 524.67 538.33
2021-05-13 57201.0 484.0 511.0 511.0 477.0 749.0 452.0 BEARISH BEARISH BEARISH 490.67 470.33 456.67 436.33 504.33 524.67 538.33
2021-05-13 57201.0 484.0 511.0 511.0 477.0 749.0 452.0 BEARISH BEARISH BEARISH 490.67 470.33 456.67 436.33 504.33 524.67 538.33
2021-05-13 57201.0 484.0 511.0 511.0 477.0 749.0 452.0 BEARISH BEARISH BEARISH 490.67 470.33 456.67 436.33 504.33 524.67 538.33
2021-05-13 57201.0 484.0 511.0 511.0 477.0 749.0 452.0 BEARISH BEARISH BEARISH 490.67 470.33 456.67 436.33 504.33 524.67 538.33
2021-05-13 57201.0 484.0 511.0 511.0 477.0 749.0 452.0 BEARISH BEARISH BEARISH 490.67 470.33 456.67 436.33 504.33 524.67 538.33
2021-05-13 57201.0 484.0 511.0 511.0 477.0 749.0 452.0 BEARISH BEARISH BEARISH 490.67 470.33 456.67 436.33 504.33 524.67 538.33
2021-05-13 57201.0 484.0 511.0 511.0 477.0 749.0 452.0 BEARISH BEARISH BEARISH 490.67 470.33 456.67 436.33 504.33 524.67 538.33
2021-05-13 57201.0 484.0 511.0 511.0 477.0 749.0 452.0 BEARISH BEARISH BEARISH 490.67 470.33 456.67 436.33 504.33 524.67 538.33
2021-05-13 57201.0 484.0 511.0 511.0 477.0 749.0 452.0 BEARISH BEARISH BEARISH 490.67 470.33 456.67 436.33 504.33 524.67 538.33
