2021-11-16 177636.0 366.5 342.6 368.9 332.0 478.9 114.0
2021-11-17 482484.0 383.0 373.0 399.8 370.0 478.9 114.0
2021-11-18 215880.0 375.0 382.0 390.0 374.1 478.9 114.0
2021-11-21 543746.0 399.0 375.0 410.0 367.5 478.9 114.0
2021-11-22 348850.0 402.8 405.0 418.0 402.0 478.9 114.0
2021-11-23 243305.0 393.0 403.0 410.0 387.0 478.9 114.0
2021-11-24 282217.0 390.0 386.0 402.0 379.0 478.9 114.0
2021-11-25 107373.0 375.1 397.8 397.8 375.0 478.9 114.0
2021-11-28 223246.0 359.0 375.1 382.0 356.0 478.9 114.0
2021-11-29 127220.0 353.0 359.0 372.0 350.0 478.9 114.0
2021-11-30 143662.0 374.0 360.0 374.0 348.1 478.9 114.0
2021-12-01 120526.0 363.0 380.0 381.0 363.0 478.9 114.0
2021-12-02 102959.0 352.0 369.0 369.0 349.0 478.9 114.0
2021-12-05 117199.0 341.0 345.0 353.0 336.2 478.9 114.0
2021-12-06 183652.0 355.0 335.1 360.0 322.5 478.9 114.0
2021-12-07 86332.0 340.0 361.0 366.0 339.1 478.9 114.0
2021-12-08 80060.0 328.0 334.0 346.0 325.0 478.9 114.0
2021-12-09 124049.0 333.0 325.0 339.7 319.0 478.9 114.0
2021-12-12 112032.0 307.0 326.4 329.9 300.0 478.9 114.0
2021-12-13 130899.00 285.0 300.9 312.0 284.0 478.9 114.0
2021-12-14 119468.00 313.0 290.0 313.5 289.0 478.9 114.0
2021-12-15 203007.00 315.0 319.0 339.9 305.2 478.9 114.0
2021-12-16 75870.0 303.0 315.0 315.0 299.0 478.9 114.0
2021-12-20 53032.0 293.0 303.0 304.9 290.0 478.9 114.0
2021-12-21 59338.0 307.0 298.8 311.0 295.0 478.9 114.0
2021-12-22 169610.0 335.5 313.0 337.7 313.0 478.9 116.0
2021-12-23 110289.0 327.0 341.0 345.0 324.0 478.9 116.0
2021-12-26 126648.0 319.0 327.0 334.0 315.0 478.9 116.0
2021-12-27 158546.0 301.0 325.0 325.0 300.0 478.9 116.0
2021-12-28 131747.0 304.0 298.0 311.0 293.0 478.9 116.0
2021-12-29 61676.0 307.0 302.0 311.0 300.0 478.9 116.0
2022-01-02 33074.0 307.0 313.0 313.0 303.0 478.9 116.0
2022-01-03 111192.0 308.0 312.0 314.8 303.8 478.9 116.0
2022-01-04 84846.0 311.0 303.1 313.0 303.1 478.9 121.0
2022-01-05 161050.0 318.0 314.0 330.0 312.0 478.9 121.0
2022-01-06 70181.0 320.3 311.7 323.9 311.7 478.9 123.0
2022-01-09 181361.0 340.0 326.0 345.0 326.0 478.9 123.0
2022-01-10 198254.0 344.0 346.0 354.9 336.4 478.9 123.0
2022-01-11 102701.0 345.0 343.0 353.9 340.0 478.9 123.0
2022-01-12 246795.0 346.9 350.0 365.0 340.0 478.9 123.0
2022-01-13 181274.0 361.0 341.0 362.9 341.0 478.9 123.0
2022-01-16 161482.0 364.0 367.0 377.0 362.8 478.9 123.0
2022-01-17 183513.0 362.0 357.3 370.0 355.2 478.9 123.0
2022-01-18 202786.0 360.0 354.8 375.0 354.0 478.9 123.0
2022-01-19 130991.0 350.1 360.0 367.0 350.0 478.9 123.0
2022-01-20 94559.0 363.0 357.0 363.0 347.0 478.9 123.0
2022-01-23 78201.0 353.2 369.0 370.0 352.0 478.9 123.0
2022-01-24 195149.0 336.9 346.2 353.9 332.0 478.9 123.0
2022-01-25 91442.0 333.5 340.0 343.0 321.1 478.9 123.0
2022-01-26 94064.0 324.0 333.0 337.0 321.0 478.9 123.0
2022-01-27 60833.0 325.0 329.0 332.0 321.2 478.9 123.0
2022-01-30 173785.0 352.0 331.0 352.9 331.0 478.9 123.0
2022-01-31 72424.0 345.0 359.0 359.0 337.2 478.9 123.0
2022-02-01 205198.0 361.0 351.0 365.0 338.0 478.9 123.0
2022-02-03 322163.0 360.0 368.2 373.9 357.0 478.9 123.0
2022-02-06 115962.0 354.0 367.2 367.2 347.1 478.9 123.0
2022-02-07 77487.0 355.0 350.0 360.0 344.0 478.9 123.0
2022-02-09 57625.0 344.0 340.0 350.0 337.0 478.9 123.0
2022-02-10 57256.0 339.0 348.0 348.0 336.0 478.9 123.0
2022-02-13 119029.0 321.1 332.3 336.0 319.5 478.9 123.0
2022-02-14 73336.0 325.0 325.0 330.0 320.1 478.9 123.0
2022-02-15 58574.0 342.0 329.0 346.0 324.0 478.9 123.0
2022-02-16 55613.0 332.1 342.0 345.0 330.5 478.9 123.0
2022-02-17 32273.0 333.0 337.0 340.0 326.4 478.9 123.0
2022-02-20 66949.0 330.0 339.6 339.6 315.0 478.9 123.0
2022-02-21 68400.0 336.0 332.0 337.5 328.0 478.9 123.0
2022-02-22 80383.0 335.9 340.0 343.0 334.1 478.9 123.0
