2021-11-16 9340.0 6994.0 6875.0 6994.0 6800.0 7938.0 2541.0
2021-11-17 10450.0 6901.0 6854.2 7085.0 6854.2 7938.0 2541.0
2021-11-18 9820.0 6810.0 6880.0 6966.0 6800.2 7938.0 2541.0
2021-11-21 6710.0 6829.0 6811.0 6987.0 6780.0 7938.0 2780.0
2021-11-22 5496.0 6869.0 6945.0 6945.0 6828.0 7938.0 2780.0
2021-11-23 8917.0 6800.0 6800.1 6889.0 6750.0 7938.0 2780.0
2021-11-24 6292.0 6819.0 6765.0 6850.0 6680.0 7938.0 3200.0
2021-11-25 3995.0 6813.0 6883.0 6883.0 6660.0 7938.0 3480.0
2021-11-28 13393.0 6665.0 6691.0 6780.0 6630.0 7938.0 3480.0
2021-11-29 11363.0 6580.0 6695.0 6785.0 6551.0 7938.0 3480.0
2021-11-30 15804.0 6497.0 6680.0 6700.0 6444.0 7938.0 3500.0
2021-12-01 16168.0 6475.0 6525.0 6598.0 6465.0 7938.0 3500.0
2021-12-02 18586.0 6295.0 6597.0 6597.0 6250.0 7938.0 3500.0
2021-12-05 28518.0 5960.0 6300.0 6310.0 5940.0 7938.0 3500.0
2021-12-06 25700.0 5990.0 5940.0 6083.0 5701.0 7938.0 3500.0
2021-12-07 12636.0 5897.0 6100.0 6100.0 5860.0 7938.0 3500.0
2021-12-08 16576.0 5650.0 5850.0 5880.0 5600.0 7938.0 3626.0
2021-12-09 15793.0 5689.9 5600.0 5710.0 5501.0 7938.0 3626.0
