2021-11-16 13792.0 745.0 703.0 768.1 702.7 982.0 550.0
2021-11-17 14211.0 725.7 750.0 750.0 725.7 982.0 550.0
2021-11-18 15083.0 714.0 730.0 734.0 711.5 982.0 550.0
2021-11-21 3294.0 708.6 725.0 728.0 708.6 982.0 564.0
2021-11-22 6333.0 718.5 696.1 736.0 696.0 982.0 564.0
2021-11-23 9568.0 695.0 715.0 715.0 690.0 982.0 564.0
2021-11-24 9213.0 705.1 682.0 737.0 682.0 982.0 564.0
2021-11-25 2320.0 700.0 697.2 715.0 692.3 982.0 564.0
2021-11-28 11826.0 656.0 687.0 728.0 655.0 982.0 564.0
2021-11-29 5472.0 670.0 668.9 682.0 656.0 982.0 564.0
2021-11-30 3427.0 670.0 657.7 678.0 649.0 982.0 564.0
2021-12-01 2832.0 676.0 676.0 683.4 662.5 982.0 564.0
2021-12-02 4136.0 665.0 675.0 679.0 653.0 982.0 564.0
2021-12-05 6258.0 643.9 651.7 651.7 630.0 982.0 564.0
2021-12-06 5336.0 646.0 635.0 650.0 609.0 982.0 564.0
2021-12-07 4199.0 635.1 645.0 668.5 635.1 982.0 564.0
2021-12-08 8753.0 600.1 623.2 635.0 600.0 982.0 564.0
2021-12-09 4433.0 601.1 605.0 612.0 600.0 982.0 564.0
2021-12-12 3791.0 579.0 596.0 597.0 579.0 982.0 564.0
2021-12-13 5545.00 558.1 567.5 578.0 557.0 982.0 557.0
2021-12-14 3910.00 601.0 569.0 601.0 569.0 982.0 557.0
2021-12-15 6955.00 610.0 613.0 625.2 577.0 982.0 557.0
2021-12-16 3522.0 591.9 598.0 598.0 578.0 982.0 557.0
2021-12-20 1984.0 575.0 599.9 599.9 568.5 982.0 557.0
2021-12-21 3474.0 585.0 586.0 590.0 575.3 982.0 557.0
2021-12-22 11613.0 618.0 596.0 620.0 594.0 982.0 557.0
2021-12-23 12776.0 636.0 610.0 649.0 606.0 982.0 557.0
2021-12-26 27703.0 687.9 626.0 688.0 626.0 982.0 557.0
2021-12-27 29415.0 654.0 701.6 702.0 645.0 982.0 557.0
2021-12-28 6729.0 643.0 641.0 650.0 636.0 982.0 557.0
2021-12-29 10034.0 640.0 632.0 650.0 630.2 982.0 557.0
2022-01-02 17597.0 660.0 642.0 667.0 637.0 982.0 557.0
2022-01-03 27250.0 664.0 665.0 682.0 662.0 982.0 557.0
2022-01-04 4503.0 673.0 663.0 677.9 663.0 982.0 557.0
2022-01-05 16226.0 654.0 673.0 673.0 649.0 982.0 557.0
2022-01-06 12436.0 655.0 659.0 665.0 648.0 982.0 557.0
2022-01-09 30619.0 695.6 650.0 700.0 650.0 982.0 557.0
2022-01-10 30984.0 711.0 700.0 713.0 689.0 982.0 557.0
2022-01-11 45079.0 762.0 719.9 769.0 715.0 982.0 557.0
2022-01-12 68570.0 745.0 773.0 775.0 737.0 982.0 557.0
2022-01-13 30017.0 769.0 750.0 775.0 741.0 982.0 557.0
2022-01-16 91498.0 794.0 784.3 810.9 771.0 982.0 557.0
2022-01-17 25497.0 791.0 790.0 806.0 780.0 982.0 557.0
2022-01-18 65165.0 777.0 799.0 799.0 777.0 982.0 557.0
2022-01-19 28887.0 773.2 792.0 800.0 769.0 982.0 557.0
2022-01-20 24186.0 784.0 780.0 788.6 770.0 982.0 557.0
2022-01-23 14884.0 780.0 799.0 799.0 770.0 982.0 557.0
2022-01-24 30882.0 736.0 766.0 770.0 725.0 982.0 557.0
2022-01-25 17935.0 750.0 749.0 759.0 730.0 982.0 557.0
2022-01-26 24337.0 750.0 735.1 761.0 735.1 982.0 557.0
2022-01-27 8621.0 752.0 760.0 760.0 745.0 982.0 557.0
2022-01-30 40244.0 775.0 767.0 782.0 760.0 982.0 557.0
2022-01-31 9678.0 762.0 775.0 775.0 759.0 982.0 557.0
2022-02-01 24079.0 782.0 748.0 790.0 748.0 982.0 557.0
2022-02-03 40200.0 774.9 782.0 787.0 762.6 982.0 557.0
2022-02-06 25510.0 760.0 775.0 778.9 744.0 982.0 557.0
2022-02-07 16404.0 758.0 764.0 773.0 752.2 982.0 557.0
2022-02-09 9062.0 754.0 753.0 774.0 752.0 982.0 557.0
2022-02-10 6653.0 748.0 767.0 767.0 744.0 982.0 557.0
2022-02-13 20701.0 718.9 733.1 733.1 704.7 982.0 557.0
2022-02-14 8981.0 710.0 718.0 724.0 702.9 982.0 557.0
2022-02-15 4643.0 723.9 710.0 723.9 703.1 982.0 557.0
2022-02-16 14064.0 729.4 727.0 735.0 721.0 982.0 557.0
2022-02-17 8127.0 719.0 715.0 725.0 715.0 982.0 557.0
2022-02-20 14924.0 692.1 704.7 733.3 691.0 982.0 557.0
2022-02-21 5979.0 710.0 705.9 710.0 692.0 982.0 557.0
2022-02-22 15559.0 706.0 724.0 724.0 700.0 982.0 557.0
