2021-11-16 459926.0 334.7 330.0 338.0 323.0 606.0 229.0
2021-11-17 311568.0 329.4 339.0 341.2 329.0 606.0 229.0
2021-11-18 297282.0 319.0 329.4 330.0 317.0 606.0 229.0
2021-11-21 367319.0 315.0 320.0 325.0 313.6 606.0 232.0
2021-11-22 231811.0 315.0 319.0 324.0 314.0 606.0 232.0
2021-11-23 214206.0 311.0 315.0 319.0 308.0 606.0 244.0
2021-11-24 216738.0 315.0 311.0 322.3 303.0 606.0 244.0
2021-11-25 163409.0 310.5 320.0 321.0 310.0 606.0 244.0
2021-11-28 415029.0 300.0 305.0 312.9 298.0 606.0 244.0
2021-11-29 273145.0 299.0 304.0 310.0 296.0 606.0 244.0
2021-11-30 200522.0 297.9 303.0 303.0 292.0 606.0 244.0
2021-12-01 212673.0 296.0 299.0 303.0 295.0 606.0 244.0
2021-12-02 229651.0 288.0 296.1 300.9 287.7 606.0 244.0
