2021-11-16 17666.0 505.0 486.0 510.0 486.0 749.1 206.0
2021-11-17 30591.0 514.0 515.1 529.9 510.0 749.1 206.0
2021-11-18 20831.0 491.0 505.0 525.0 490.5 749.1 206.0
2021-11-21 18753.0 499.0 490.0 510.0 490.0 749.1 206.0
2021-11-22 11961.0 492.0 498.0 503.0 491.0 749.1 206.0
2021-11-23 24901.0 481.0 490.0 501.8 470.9 749.1 206.0
2021-11-24 14875.0 490.0 473.0 499.0 467.1 749.1 206.0
2021-11-25 11000.0 484.1 490.0 499.9 484.0 749.1 206.0
2021-11-28 52120.0 443.0 475.0 480.0 435.7 749.1 206.0
2021-11-29 23624.0 458.0 443.0 467.0 443.0 749.1 206.0
2021-11-30 15457.0 455.0 467.0 467.0 441.2 749.1 206.0
2021-12-01 17884.0 454.9 464.0 464.0 446.0 749.1 206.0
2021-12-02 22117.0 435.0 461.0 461.0 425.4 749.1 206.0
2021-12-05 19426.0 421.4 434.0 443.0 410.5 749.1 206.0
2021-12-06 29408.0 440.0 428.0 452.8 402.0 749.1 206.0
2021-12-07 35135.0 414.0 448.0 452.0 412.0 749.1 206.0
2021-12-08 20879.0 400.0 407.1 422.0 400.0 749.1 206.0
2021-12-09 9149.0 408.0 400.0 415.0 395.0 749.1 206.0
2021-12-12 15845.0 395.0 404.0 404.0 394.0 749.1 206.0
2021-12-13 33197.00 383.8 387.1 398.0 365.0 749.1 206.0
2021-12-14 12895.00 420.0 391.0 420.0 391.0 749.1 206.0
2021-12-15 37826.00 410.0 428.0 445.0 403.0 749.1 206.0
2021-12-16 19435.0 381.0 410.0 417.0 381.0 749.1 206.0
2021-12-20 12584.0 380.0 375.0 404.0 375.0 749.1 206.0
2021-12-21 11960.0 395.5 387.6 396.0 382.0 749.1 206.0
2021-12-22 35255.0 426.0 395.5 426.2 392.0 749.1 218.0
2021-12-23 50197.0 420.0 430.0 430.9 405.0 749.1 218.0
2021-12-26 39447.0 426.4 428.0 436.0 411.2 749.1 218.0
2021-12-27 59861.0 416.2 420.0 451.0 416.1 749.1 218.0
2021-12-28 12964.0 423.0 420.0 428.0 408.0 749.1 218.0
2021-12-29 14175.0 416.3 430.0 430.0 414.6 749.1 218.0
2022-01-02 15483.0 422.3 424.6 426.0 419.0 749.1 219.0
2022-01-03 26596.0 424.0 427.0 433.0 422.0 749.1 219.0
2022-01-04 42762.0 440.0 430.0 440.0 424.0 749.1 219.0
2022-01-05 71677.0 450.0 448.8 476.1 440.0 749.1 220.0
2022-01-06 35142.0 470.9 442.0 478.3 441.0 749.1 220.0
2022-01-09 61705.0 482.0 470.0 505.9 465.0 749.1 221.0
2022-01-10 50354.0 494.0 483.2 499.0 481.2 749.1 221.0
2022-01-11 58024.0 515.0 503.8 523.0 484.0 749.1 222.0
2022-01-12 112637.0 515.0 514.0 528.0 496.0 749.1 222.0
2022-01-13 53270.0 525.0 505.0 530.0 503.0 749.1 225.0
2022-01-16 46613.0 533.0 535.0 540.0 525.1 749.1 225.0
2022-01-17 24419.0 534.9 543.6 543.6 515.0 749.1 225.0
2022-01-18 34133.0 514.0 530.0 536.0 501.8 749.1 225.0
2022-01-19 21094.0 504.0 524.0 524.0 502.0 749.1 226.0
2022-01-20 33376.0 513.5 494.1 514.0 494.1 749.1 226.0
2022-01-23 24308.0 508.0 515.0 534.1 500.1 749.1 244.0
2022-01-24 70165.0 485.0 501.0 507.9 481.2 749.1 244.0
2022-01-25 28939.0 476.0 476.0 494.7 476.0 749.1 253.0
2022-01-26 22474.0 461.0 482.0 482.0 456.0 749.1 258.0
2022-01-27 31319.0 470.0 456.0 479.0 456.0 749.1 258.0
2022-01-30 23068.0 507.0 479.4 508.0 479.4 749.1 258.0
2022-01-31 25171.0 502.0 508.0 508.0 491.0 749.1 258.0
2022-02-01 75030.0 520.0 500.0 527.0 491.0 749.1 260.0
2022-02-03 82449.0 517.1 530.0 540.0 517.0 749.1 281.0
2022-02-06 24220.0 509.0 510.0 519.0 501.0 749.1 304.0
2022-02-07 13864.0 511.0 500.0 517.0 499.0 749.1 304.0
2022-02-09 6497.0 499.0 488.0 500.0 488.0 749.1 318.0
2022-02-10 9713.0 491.0 490.0 500.0 490.0 749.1 318.0
2022-02-13 11940.0 469.0 481.2 481.2 460.2 749.1 318.0
2022-02-14 9352.0 465.0 477.0 480.0 465.0 749.1 318.0
2022-02-15 8608.0 486.0 468.0 488.0 468.0 749.1 318.0
2022-02-16 10890.0 475.0 487.0 490.6 470.4 749.1 318.0
2022-02-17 9508.0 479.0 484.5 489.0 464.0 749.1 318.0
2022-02-20 12325.0 468.0 469.5 490.6 460.2 749.1 329.0
2022-02-21 11709.0 487.0 477.3 490.0 469.0 749.1 329.0
2022-02-22 14856.0 486.0 495.5 496.9 485.0 749.1 329.0
