2021-11-16 5085.0 491.0 493.0 499.0 474.0 685.4 182.0
2021-11-17 13392.0 491.9 491.0 510.0 485.1 685.4 182.0
2021-11-18 9089.0 470.0 483.0 493.0 470.0 685.4 182.0
2021-11-21 2685.0 470.0 475.0 496.0 468.0 685.4 182.0
2021-11-22 3090.0 471.0 472.0 488.0 465.0 685.4 182.0
2021-11-23 6602.0 454.0 465.0 475.0 444.0 685.4 182.0
2021-11-24 8004.0 456.0 445.0 473.3 442.0 685.4 182.0
2021-11-25 2823.0 451.4 465.0 465.0 450.0 685.4 182.0
2021-11-28 13514.0 424.0 443.0 460.0 421.0 685.4 182.0
2021-11-29 5245.0 429.0 424.0 442.0 422.5 685.4 182.0
2021-11-30 4782.0 440.0 437.0 445.0 426.0 685.4 182.0
2021-12-01 8170.0 437.9 442.0 447.0 430.0 685.4 182.0
2021-12-02 6015.0 422.0 430.0 430.5 414.0 685.4 182.0
2021-12-05 9770.0 405.0 422.0 422.0 400.0 685.4 182.0
2021-12-06 5380.0 416.0 396.9 429.0 389.0 685.4 182.0
2021-12-07 9555.0 410.0 423.0 444.9 407.0 685.4 182.0
2021-12-08 5210.0 403.1 410.0 421.0 401.8 685.4 182.0
2021-12-09 4525.0 401.0 395.1 410.0 395.1 685.4 182.0
2021-12-12 4636.0 390.0 393.0 393.0 386.0 685.4 182.0
2021-12-13 8437.00 370.5 390.0 395.0 360.1 685.4 182.0
2021-12-14 1928.00 404.0 377.9 405.0 377.9 685.4 182.0
2021-12-15 6986.00 410.0 412.0 429.8 397.0 685.4 182.0
2021-12-16 4726.0 414.0 418.0 418.0 405.0 685.4 182.0
2021-12-20 2571.0 413.0 406.0 415.0 398.0 685.4 182.0
2021-12-21 5796.0 414.9 405.0 415.0 404.8 685.4 182.0
2021-12-22 5760.0 426.9 423.0 429.0 415.0 685.4 185.0
2021-12-23 2230.0 411.0 435.4 435.4 411.0 685.4 185.0
2021-12-26 5000.0 405.5 411.0 426.0 402.0 685.4 185.0
2021-12-27 9063.0 405.0 405.0 415.0 400.0 685.4 185.0
2021-12-28 3638.0 413.0 405.0 413.0 405.0 685.4 185.0
2021-12-29 1490.0 408.0 420.0 420.0 407.0 685.4 186.0
2022-01-02 690.0 415.0 416.0 420.0 407.0 685.4 189.0
2022-01-03 600.0 412.6 423.3 423.3 407.0 685.4 189.0
2022-01-04 2880.0 412.0 420.0 435.0 406.1 685.4 189.0
2022-01-05 10613.0 418.0 420.2 428.5 407.0 685.4 189.0
2022-01-06 2248.0 419.0 425.0 425.0 408.7 685.4 192.0
2022-01-09 21432.0 460.9 427.0 460.9 420.0 685.4 192.0
2022-01-10 52320.0 498.0 455.0 506.9 455.0 685.4 192.0
2022-01-11 17519.0 497.9 489.0 518.0 485.0 685.4 192.0
2022-01-12 24626.0 467.0 507.8 507.8 467.0 685.4 192.0
2022-01-13 6713.0 479.0 474.0 492.0 465.0 685.4 193.0
2022-01-16 68039.0 514.0 488.0 526.9 481.1 685.4 193.0
2022-01-17 26457.0 544.6 505.0 544.6 502.0 685.4 193.0
2022-01-18 28415.0 524.1 540.0 541.0 516.0 685.4 193.0
2022-01-19 20866.0 505.0 513.7 534.0 500.0 685.4 193.0
2022-01-20 23347.0 531.0 505.0 539.8 500.0 685.4 196.0
2022-01-23 28286.0 532.0 541.6 550.0 530.0 685.4 199.0
2022-01-24 13530.0 504.0 521.4 521.4 502.1 685.4 199.0
2022-01-25 12676.0 495.0 495.0 514.0 488.0 685.4 199.0
2022-01-26 5998.0 480.0 500.0 500.0 477.0 685.4 199.0
2022-01-27 2488.0 482.3 489.6 505.0 480.5 685.4 199.0
2022-01-30 13189.0 525.0 491.9 525.0 491.9 685.4 199.0
2022-01-31 7247.0 520.0 520.0 520.0 511.0 685.4 199.0
2022-02-01 32164.0 540.0 509.6 550.8 500.0 685.4 199.0
2022-02-03 38061.0 554.8 550.0 554.8 530.0 685.4 204.0
2022-02-06 13551.0 531.3 543.8 545.7 531.0 685.4 215.0
2022-02-07 6689.0 528.0 524.0 539.9 520.7 685.4 215.0
2022-02-09 1980.0 518.0 518.5 527.0 508.2 685.4 218.0
2022-02-10 4280.0 517.0 507.7 537.0 507.7 685.4 218.0
2022-02-13 6788.0 487.0 510.0 510.0 480.4 685.4 218.0
2022-02-14 1950.0 482.6 494.0 495.0 482.6 685.4 218.0
2022-02-15 3967.0 520.0 478.0 525.0 477.0 685.4 243.0
2022-02-16 6021.0 503.2 513.0 515.0 502.0 685.4 274.0
2022-02-17 4305.0 507.0 494.1 520.0 490.0 685.4 284.0
2022-02-20 4103.0 495.0 496.9 514.9 490.0 685.4 284.0
2022-02-21 3345.0 504.2 495.0 514.0 495.0 685.4 284.0
2022-02-22 10053.0 504.9 504.5 515.0 494.3 685.4 284.0
