2021-11-16 127434.0 893.0 870.0 922.7 870.0 1176.8 255.0
2021-11-17 203706.0 899.9 910.8 910.8 875.0 1176.8 255.0
2021-11-18 152420.0 900.0 899.9 973.3 864.4 1176.8 255.0
2021-11-21 71030.0 865.0 891.0 891.0 865.0 1176.8 255.0
2021-11-22 40091.0 870.0 882.0 936.1 853.0 1176.8 255.0
2021-11-23 105823.0 819.2 853.0 870.0 815.0 1176.8 255.0
2021-11-24 224881.0 849.0 819.3 864.9 794.0 1176.8 255.0
2021-11-25 48998.0 849.0 845.0 865.0 820.0 1176.8 255.0
2021-11-28 119938.0 932.0 833.0 933.9 800.7 1176.8 255.0
2021-11-29 148044.0 838.8 913.4 913.4 838.8 1176.8 255.0
2021-11-30 194972.0 890.0 828.9 922.6 809.0 1176.8 255.0
2021-12-01 61193.0 840.0 872.2 872.2 825.0 1176.8 255.0
2021-12-02 69193.0 816.0 840.0 843.0 800.0 1176.8 255.0
