2021-11-16 10.0 1155.5 1155.5 1155.5 1155.5 1274.0 1080.0
2021-11-23 75.0 1150.0 1137.0 1150.0 1135.0 1274.0 1080.0
2021-11-25 80.0 1131.0 1135.0 1135.0 1131.0 1274.0 1080.0
2021-11-28 75.0 1127.0 1150.0 1150.0 1127.0 1274.0 1080.0
2021-12-02 25.0 1125.0 1125.0 1125.0 1125.0 1274.0 1080.0
2021-12-08 380.0 1125.0 1125.0 1125.0 1125.0 1274.0 1080.0
2021-12-09 215.0 1113.2 1113.1 1113.2 1113.1 1274.0 1080.0
2021-12-12 200.0 1122.0 1100.0 1122.0 1100.0 1274.0 1080.0
2021-12-13 212.00 1145.0 1144.4 1167.2 1143.9 1274.0 1080.0
2021-12-22 315.0 1140.0 1135.0 1140.0 1130.0 1274.0 1080.0
2021-12-23 10.0 1132.0 1132.0 1132.0 1132.0 1274.0 1080.0
2021-12-26 75.0 1154.6 1154.0 1154.6 1154.0 1274.0 1080.0
2022-01-02 675.0 1182.0 1176.9 1182.0 1160.0 1274.0 1080.0
2022-01-04 200.0 1160.0 1160.0 1160.0 1160.0 1274.0 1080.0
2022-01-06 50.0 1165.0 1165.0 1165.0 1165.0 1274.0 1080.0
2022-01-09 240.0 1173.0 1150.0 1173.0 1150.0 1274.0 1080.0
2022-01-10 50.0 1190.0 1190.0 1190.0 1190.0 1274.0 1080.0
2022-01-18 230.0 1142.0 1166.2 1166.2 1098.0 1274.0 1080.0
2022-01-19 50.0 1140.0 1140.0 1140.0 1140.0 1274.0 1080.0
2022-01-20 655.0 1090.0 1118.0 1118.0 1090.0 1274.0 1080.0
2022-01-23 345.0 1090.0 1083.0 1091.0 1083.0 1274.0 1080.0
2022-01-25 320.0 1111.8 1091.0 1111.8 1091.0 1274.0 1080.0
2022-01-26 320.0 1091.0 1110.0 1110.0 1091.0 1274.0 1080.0
2022-01-30 385.0 1100.0 1100.0 1105.0 1100.0 1274.0 1080.0
2022-01-31 650.0 1100.0 1100.0 1100.1 1100.0 1274.0 1080.0
2022-02-01 100.0 1101.0 1101.0 1101.0 1101.0 1274.0 1083.0
2022-02-06 125.0 1105.0 1105.0 1105.0 1105.0 1274.0 1083.0
2022-02-07 260.0 1090.0 1090.1 1095.0 1090.0 1274.0 1083.0
2022-02-09 25.0 1100.0 1100.0 1100.0 1100.0 1274.0 1083.0
2022-02-10 100.0 1100.0 1100.0 1100.0 1100.0 1274.0 1083.0
2022-02-13 500.0 1100.0 1101.0 1101.0 1100.0 1274.0 1083.0
2022-02-14 485.0 1101.0 1100.0 1105.0 1095.0 1274.0 1083.0
2022-02-16 135.0 1100.0 1100.0 1100.0 1100.0 1274.0 1083.0
2022-02-17 155.0 1095.0 1100.0 1100.0 1095.0 1274.0 1083.0
2022-02-20 25.0 1095.0 1095.0 1095.0 1095.0 1274.0 1083.0
2022-02-21 190.0 1090.0 1091.0 1091.0 1090.0 1274.0 1083.0
2022-02-22 200.0 1100.0 1100.0 1100.0 1100.0 1274.0 1083.0
