2021-11-16 9042.0 1012.0 991.4 1034.0 990.0 1465.0 540.0
2021-11-17 7754.0 1015.0 1032.0 1049.8 1015.0 1465.0 540.0
2021-11-18 5034.0 1000.0 1018.0 1025.0 999.0 1465.0 540.0
2021-11-21 6428.0 1020.0 1010.0 1020.0 1000.0 1465.0 556.0
2021-11-22 16041.0 1029.0 1020.0 1082.0 1010.0 1465.0 556.0
2021-11-23 24776.0 1039.0 1021.0 1062.2 1001.0 1465.0 556.0
2021-11-24 124356.0 1079.7 1020.0 1089.0 1000.0 1465.0 556.0
2021-11-25 19563.0 1050.0 1100.0 1100.0 1050.0 1465.0 556.0
2021-11-28 82577.0 1000.0 1029.1 1045.0 977.0 1465.0 556.0
2021-11-29 23863.0 996.0 1010.0 1018.0 976.0 1465.0 556.0
2021-11-30 18828.0 969.0 998.0 1000.0 969.0 1465.0 557.0
2021-12-01 16510.0 990.0 988.0 1000.0 976.0 1465.0 557.0
2021-12-02 30352.0 985.0 990.0 1009.8 980.0 1465.0 557.0
2021-12-05 16858.0 983.0 979.1 995.0 966.0 1465.0 557.0
2021-12-06 10625.0 985.0 970.0 990.0 952.0 1465.0 557.0
2021-12-07 8432.0 965.0 986.4 1019.9 965.0 1465.0 557.0
2021-12-08 12251.0 953.0 952.5 989.0 935.9 1465.0 557.0
2021-12-09 11051.0 944.0 940.2 963.5 928.0 1465.0 557.0
2021-12-12 8851.0 925.0 937.0 961.8 925.0 1465.0 557.0
2021-12-13 18138.00 899.0 908.1 930.0 865.0 1465.0 557.0
2021-12-14 3700.00 938.3 916.9 938.3 900.0 1465.0 557.0
2021-12-15 13739.00 934.5 957.0 980.0 915.0 1465.0 557.0
2021-12-16 8355.0 910.0 920.0 930.0 898.0 1465.0 557.0
2021-12-20 6118.0 895.0 892.0 927.0 892.0 1465.0 557.0
2021-12-21 4021.0 914.0 905.0 927.9 900.0 1465.0 557.0
2021-12-22 14196.0 968.0 932.0 998.0 930.0 1465.0 566.0
2021-12-23 24749.0 999.0 950.0 1030.2 931.0 1465.0 566.0
2021-12-26 68032.0 1069.0 1015.0 1070.0 1000.0 1465.0 566.0
2021-12-27 27978.0 1010.0 1090.3 1090.3 1005.0 1465.0 566.0
2021-12-28 12523.0 1010.0 1000.0 1019.9 980.0 1465.0 569.0
2021-12-29 25459.0 1000.0 990.0 1050.0 985.0 1465.0 592.0
2022-01-02 24524.0 1040.1 1020.0 1055.0 1001.0 1465.0 592.0
2022-01-03 74878.0 1060.0 1060.0 1075.0 1040.0 1465.0 592.0
2022-01-04 60752.0 1069.9 1050.1 1080.0 1046.1 1465.0 592.0
2022-01-05 43528.0 1047.0 1070.0 1080.0 1045.0 1465.0 600.0
2022-01-06 23311.0 1059.0 1030.5 1066.0 1030.5 1465.0 605.0
2022-01-09 69058.0 1077.0 1075.0 1092.0 1065.0 1465.0 664.0
2022-01-10 81088.0 1107.0 1097.0 1120.0 1080.0 1465.0 664.0
2022-01-11 80261.0 1135.0 1120.0 1156.0 1105.0 1465.0 690.0
2022-01-12 66326.0 1095.0 1148.0 1148.0 1085.0 1465.0 743.0
2022-01-13 108370.0 1141.2 1108.5 1148.0 1088.0 1465.0 810.0
2022-01-16 60101.0 1135.0 1150.1 1171.5 1129.0 1465.0 810.0
2022-01-17 71048.0 1147.0 1150.0 1150.0 1125.0 1465.0 810.0
2022-01-18 210771.0 1190.0 1147.0 1199.0 1144.0 1465.0 855.0
2022-01-19 65637.0 1167.0 1194.0 1194.0 1165.1 1465.0 855.0
2022-01-20 184301.0 1217.0 1161.0 1225.0 1161.0 1465.0 865.0
2022-01-23 120429.0 1209.0 1241.3 1266.1 1200.0 1465.0 865.0
2022-01-24 82764.0 1167.0 1209.0 1209.0 1153.0 1465.0 865.0
2022-01-25 42594.0 1165.0 1167.0 1191.0 1160.0 1465.0 865.0
2022-01-26 39477.0 1144.9 1165.0 1172.0 1133.0 1465.0 865.0
2022-01-27 80477.0 1154.0 1144.9 1169.7 1144.9 1465.0 865.0
2022-01-30 59846.0 1188.0 1177.0 1220.0 1175.1 1465.0 865.0
2022-01-31 26434.0 1164.0 1211.7 1211.7 1160.0 1465.0 865.0
2022-02-01 173634.0 1170.0 1187.2 1187.2 1147.0 1465.0 865.0
2022-02-03 55325.0 1160.0 1179.9 1190.0 1158.0 1465.0 865.0
2022-02-06 74875.0 1149.0 1180.0 1180.0 1140.0 1465.0 865.0
2022-02-07 58694.0 1149.0 1167.0 1167.0 1143.0 1465.0 865.0
2022-02-09 78559.0 1116.0 1132.1 1145.0 1100.0 1465.0 865.0
2022-02-10 179529.0 1107.0 1119.9 1134.0 1095.0 1465.0 865.0
2022-02-13 56808.0 771.0 825.0 825.0 771.0 1465.0 771.0
2022-02-14 25311.0 771.9 773.0 800.0 762.0 1465.0 762.0
2022-02-15 21568.0 782.0 787.0 787.0 757.0 1465.0 757.0
2022-02-16 15990.0 771.0 780.0 794.0 770.0 1465.0 757.0
2022-02-17 13674.0 775.0 786.4 786.4 770.0 1465.0 757.0
2022-02-20 23908.0 745.1 771.0 771.0 745.0 1465.0 745.0
2022-02-21 20608.0 741.0 755.0 755.0 734.0 1465.0 734.0
2022-02-22 18903.0 740.0 754.0 755.8 738.0 1465.0 734.0
