2021-08-03 15299.0 2120.0 2010.0 2135.0 2010.0 2135.0 686.0 BULLISH BULLISH BULLISH 2088.33 2041.67 1963.33 1916.67 2166.67 2213.33 2291.67
2021-08-04 7686.0 2063.0 2140.0 2140.0 2009.0 2140.0 686.0 BULLISH BULLISH BULLISH 2070.67 2001.33 1939.67 1870.33 2132.33 2201.67 2263.33
2021-08-05 8575.0 2015.0 2060.0 2079.0 2000.0 2140.0 686.0 BEARISH BULLISH BULLISH 2070.67 2001.33 1939.67 1870.33 2132.33 2201.67 2263.33
2021-08-09 4892.0 1970.0 1977.0 1980.0 1950.0 2140.0 686.0 BEARISH BULLISH BULLISH 1966.67 1953.33 1936.67 1923.33 1983.33 1996.67 2013.33
2021-08-12 5367.0 1898.0 1950.0 1960.0 1866.0 2140.0 707.0 BEARISH BEARISH BULLISH 1908.0 1856.0 1814.0 1762.0 1950.0 2002.0 2044.0
2021-08-15 6198.0 1950.0 1921.0 1999.0 1860.1 2140.0 707.0 BULLISH BEARISH BULLISH 1936.37 1873.73 1797.47 1734.83 2012.63 2075.27 2151.53
2021-08-16 7619.0 1980.0 1955.0 2017.0 1921.0 2140.0 707.0 BULLISH BEARISH BULLISH 1972.67 1928.33 1876.67 1832.33 2024.33 2068.67 2120.33
2021-08-17 2952.0 1936.0 1965.0 2000.0 1930.0 2140.0 710.0 BEARISH BEARISH BULLISH 1972.67 1928.33 1876.67 1832.33 2024.33 2068.67 2120.33
2021-08-18 5484.0 1911.0 1898.0 1938.0 1865.0 2140.0 715.0 BEARISH BEARISH BULLISH 1904.67 1871.33 1831.67 1798.33 1944.33 1977.67 2017.33
2021-08-19 4203.0 1905.0 1914.0 1950.4 1905.0 2140.0 716.0 BEARISH BEARISH BULLISH 1920.13 1889.87 1874.73 1844.47 1935.27 1965.53 1980.67
2021-08-24 3751.0 1900.1 1900.0 1918.0 1867.0 2140.0 730.0 BEARISH BEARISH BULLISH 1895.03 1872.07 1844.03 1821.07 1923.07 1946.03 1974.07
