2021-11-16 144590.0 573.0 580.0 580.0 567.0 649.9 205.0
2021-11-17 198306.0 567.0 580.0 589.9 567.0 649.9 205.0
2021-11-18 144551.0 555.0 556.2 575.0 552.0 649.9 205.0
2021-11-21 93221.0 558.0 543.9 570.0 543.9 649.9 205.0
2021-11-22 75237.0 551.0 551.1 567.0 548.9 649.9 205.0
2021-11-23 142720.0 535.0 550.0 551.0 530.0 649.9 205.0
2021-11-24 97006.0 541.0 524.3 546.0 520.0 649.9 205.0
2021-11-25 165659.0 531.0 545.0 550.0 521.5 649.9 205.0
2021-11-28 172392.0 502.0 531.0 531.0 500.0 649.9 205.0
2021-11-29 134473.0 494.2 502.0 516.1 488.0 649.9 205.0
2021-11-30 107614.0 492.0 494.2 504.0 487.0 649.9 205.0
2021-12-01 57854.0 495.0 482.2 510.0 482.2 649.9 205.0
2021-12-02 76731.0 480.0 498.0 501.0 477.0 649.9 205.0
2021-12-05 100211.0 457.0 478.0 480.0 455.0 649.9 205.0
2021-12-06 136322.0 479.8 457.0 483.0 430.4 649.9 205.0
2021-12-07 117521.0 462.0 482.0 499.9 460.0 649.9 205.0
2021-12-08 93025.0 446.0 462.0 469.0 442.0 649.9 205.0
2021-12-09 63852.0 444.0 446.0 452.0 435.0 649.9 205.0
