2021-11-16 8561.0 4589.0 4625.8 4650.0 4540.0 5516.9 890.0
2021-11-17 11254.0 4555.0 4589.0 4645.0 4540.0 5516.9 890.0
2021-11-18 8631.0 4550.0 4550.0 4635.0 4520.0 5516.9 890.0
2021-11-21 8923.0 4564.0 4475.0 4610.0 4475.0 5516.9 890.0
2021-11-22 7693.0 4563.0 4550.0 4600.0 4550.0 5516.9 890.0
2021-11-23 11717.0 4475.0 4500.0 4563.0 4440.0 5516.9 890.0
2021-11-24 6925.0 4437.0 4400.0 4450.0 4400.0 5516.9 890.0
2021-11-25 6430.0 4455.0 4438.0 4500.0 4410.0 5516.9 890.0
2021-11-28 10618.0 4356.1 4380.0 4445.0 4301.0 5516.9 890.0
2021-11-29 5851.0 4310.0 4357.0 4415.0 4291.0 5516.9 890.0
2021-11-30 4468.0 4295.0 4252.0 4331.0 4252.0 5516.9 890.0
2021-12-01 5560.0 4305.0 4302.0 4365.0 4300.0 5516.9 890.0
2021-12-02 6020.0 4292.1 4310.0 4425.0 4273.0 5516.9 890.0
2021-12-05 12306.0 4140.0 4290.0 4290.0 4100.0 5516.9 890.0
2021-12-06 14209.0 4105.0 4061.0 4150.0 4000.0 5516.9 890.0
2021-12-07 5919.0 4080.0 4149.0 4210.0 4080.0 5516.9 890.0
2021-12-08 6215.0 3992.0 4085.0 4100.0 3990.1 5516.9 890.0
2021-12-09 11093.0 3954.0 4000.0 4020.0 3915.0 5516.9 890.0
