2021-11-16 181021.0 760.2 745.0 803.9 731.0 836.0 217.0
2021-11-17 82022.0 745.0 775.0 775.0 745.0 836.0 217.0
2021-11-18 70336.0 720.0 730.1 757.0 716.0 836.0 217.0
2021-11-21 24335.0 722.0 730.0 743.9 716.0 836.0 217.0
2021-11-22 23678.0 708.0 730.0 730.0 707.7 836.0 217.0
2021-11-23 63289.0 700.0 709.0 716.9 671.3 836.0 217.0
2021-11-24 28736.0 695.0 690.0 714.0 673.3 836.0 217.0
2021-11-25 20093.0 709.0 708.0 723.0 695.0 836.0 217.0
2021-11-28 38224.0 671.1 695.0 698.0 670.0 836.0 217.0
2021-11-29 18153.0 673.0 657.7 694.0 657.7 836.0 217.0
2021-11-30 23811.0 666.0 686.4 690.0 663.0 836.0 217.0
2021-12-01 19871.0 685.5 679.3 689.0 670.0 836.0 217.0
2021-12-02 24912.0 657.0 692.0 692.0 653.0 836.0 217.0
2021-12-05 18635.0 621.0 657.0 657.0 620.0 836.0 217.0
2021-12-06 28651.0 635.0 609.0 640.0 588.0 836.0 217.0
2021-12-07 14325.0 611.0 642.2 655.0 610.0 836.0 217.0
2021-12-08 21918.0 575.0 599.1 610.9 564.5 836.0 217.0
2021-12-09 17782.0 578.0 565.0 590.0 562.0 836.0 217.0
