2021-11-16 12739.0 627.4 610.0 627.4 593.0 998.0 360.0
2021-11-17 16600.0 628.0 638.0 640.0 626.0 998.0 360.0
2021-11-18 7167.0 610.1 616.0 620.0 608.1 998.0 360.0
2021-11-21 11721.0 600.0 600.0 609.0 598.2 998.0 360.0
2021-11-22 7899.0 601.0 596.0 609.8 594.0 998.0 360.0
2021-11-23 10460.0 588.1 590.0 605.0 586.1 998.0 360.0
2021-11-24 8890.0 589.0 578.0 595.0 578.0 998.0 360.0
2021-11-25 4593.0 587.0 590.0 590.0 582.0 998.0 360.0
2021-11-28 10489.0 569.1 576.0 594.0 565.0 998.0 360.0
2021-11-29 5388.0 560.0 558.0 572.0 558.0 998.0 360.0
2021-11-30 4833.0 560.0 551.0 571.2 551.0 998.0 360.0
2021-12-01 10317.0 557.0 552.0 570.0 550.0 998.0 360.0
2021-12-02 4991.0 549.1 555.0 555.0 549.1 998.0 360.0
2021-12-05 9626.0 544.0 549.0 555.0 539.0 998.0 360.0
2021-12-06 10364.0 556.0 535.5 556.0 530.0 998.0 360.0
2021-12-07 8025.0 565.0 555.0 580.0 546.0 998.0 360.0
2021-12-08 8090.0 544.0 564.0 564.0 543.0 998.0 360.0
2021-12-09 5662.0 536.0 533.2 545.0 533.2 998.0 360.0
2021-12-12 5904.0 522.0 532.0 535.0 522.0 998.0 360.0
2021-12-13 10612.00 500.2 522.0 522.0 499.9 998.0 360.0
2021-12-14 3039.00 540.0 500.0 545.7 500.0 998.0 360.0
2021-12-15 8502.00 530.1 540.0 560.0 520.0 998.0 360.0
2021-12-16 3327.0 514.5 525.0 525.0 514.5 998.0 360.0
2021-12-20 5636.0 508.0 507.0 512.0 505.0 998.0 360.0
2021-12-21 4796.0 510.5 518.0 518.0 503.1 998.0 360.0
2021-12-22 6557.0 534.0 509.1 534.0 509.1 998.0 360.0
2021-12-23 8227.0 546.0 530.0 546.7 524.0 998.0 360.0
2021-12-26 32644.0 600.6 538.0 600.6 538.0 998.0 360.0
2021-12-27 26246.0 575.0 612.0 625.0 575.0 998.0 360.0
2021-12-28 5200.0 572.0 563.5 576.0 553.0 998.0 360.0
2021-12-29 5672.0 570.0 563.0 580.0 556.0 998.0 360.0
2022-01-02 28846.0 605.0 580.0 622.0 560.0 998.0 360.0
2022-01-03 37807.0 622.0 608.0 633.0 595.2 998.0 360.0
2022-01-04 46459.0 656.0 611.1 656.0 611.1 998.0 360.0
2022-01-05 27285.0 640.1 644.0 656.0 628.0 998.0 360.0
2022-01-06 33471.0 665.0 627.3 668.1 617.0 998.0 360.0
2022-01-09 28227.0 676.4 651.7 685.0 651.7 998.0 360.0
2022-01-10 16551.0 670.0 663.0 676.0 652.1 998.0 360.0
2022-01-11 25716.0 679.0 669.0 690.0 660.0 998.0 360.0
2022-01-12 19211.0 655.3 680.0 695.0 655.1 998.0 360.0
2022-01-13 10628.0 665.0 654.0 671.0 645.0 998.0 360.0
2022-01-16 18575.0 669.9 675.0 679.0 660.0 998.0 360.0
2022-01-17 16020.0 663.0 660.0 670.0 652.0 998.0 360.0
2022-01-18 13772.0 648.0 650.1 662.0 647.0 998.0 360.0
2022-01-19 9584.0 643.0 653.0 660.9 640.0 998.0 360.0
2022-01-20 17247.0 661.0 631.0 661.0 631.0 998.0 360.0
2022-01-23 88576.0 705.2 674.2 705.2 674.2 998.0 360.0
2022-01-24 121134.0 718.0 710.0 730.0 702.0 998.0 360.0
2022-01-25 49961.0 731.9 715.0 738.0 705.0 998.0 360.0
2022-01-26 75251.0 725.0 734.0 734.0 705.0 998.0 360.0
2022-01-27 35899.0 719.0 725.0 726.0 711.0 998.0 360.0
2022-01-30 31476.0 724.9 733.3 744.0 716.1 998.0 360.0
2022-01-31 13497.0 717.0 725.0 725.0 712.0 998.0 360.0
2022-02-01 35775.0 726.0 717.0 726.0 705.5 998.0 360.0
2022-02-03 39578.0 722.0 735.0 735.0 720.0 998.0 360.0
2022-02-06 34492.0 715.0 722.0 735.0 708.3 998.0 360.0
2022-02-07 41709.0 675.0 650.0 675.0 641.2 998.0 360.0
2022-02-09 7170.0 652.0 665.0 665.0 640.0 998.0 360.0
2022-02-10 10120.0 646.0 652.0 655.0 640.0 998.0 360.0
2022-02-13 13342.0 620.0 646.0 646.0 615.0 998.0 360.0
2022-02-14 4590.0 613.5 609.0 618.0 609.0 998.0 360.0
2022-02-15 6385.0 620.0 601.3 622.0 601.3 998.0 360.0
2022-02-16 23840.0 640.0 629.5 650.5 615.0 998.0 360.0
2022-02-17 6485.0 632.0 635.0 642.0 627.3 998.0 360.0
2022-02-20 9705.0 612.0 619.4 620.1 610.0 998.0 360.0
2022-02-21 4391.0 611.0 601.0 624.7 601.0 998.0 360.0
2022-02-22 13592.0 625.0 608.0 625.0 608.0 998.0 360.0
