2021-11-16 12311.0 369.0 352.1 377.4 346.0 507.0 102.0
2021-11-17 44975.0 395.0 376.3 405.9 376.3 507.0 102.0
2021-11-18 39109.0 395.0 402.0 402.0 390.0 507.0 102.0
2021-11-21 19509.0 392.0 387.1 402.9 379.4 507.0 102.0
2021-11-22 11660.0 385.6 385.0 399.0 385.0 507.0 102.0
2021-11-23 16615.0 371.0 386.0 386.0 356.0 507.0 102.0
2021-11-24 15450.0 389.0 363.6 396.7 356.6 507.0 102.0
2021-11-25 56949.0 404.0 395.0 416.1 389.1 507.0 102.0
2021-11-28 25735.0 375.0 396.0 403.0 370.0 507.0 102.0
2021-11-29 12218.0 376.0 375.0 398.1 368.0 507.0 102.0
2021-11-30 5774.0 386.0 383.5 390.0 370.0 507.0 102.0
2021-12-01 6957.0 377.5 393.7 395.0 377.5 507.0 102.0
2021-12-02 8487.0 380.0 370.1 391.0 358.1 507.0 102.0
2021-12-05 17687.0 365.0 372.4 383.0 353.0 507.0 102.0
2021-12-06 7883.0 375.0 357.7 375.0 330.0 507.0 102.0
2021-12-07 6528.0 359.9 382.0 385.0 355.1 507.0 102.0
2021-12-08 15150.0 358.0 352.8 358.0 330.0 507.0 102.0
2021-12-09 21283.0 349.3 351.0 358.0 322.2 507.0 102.0
2021-12-12 12396.0 318.0 348.0 348.0 318.0 507.0 102.0
2021-12-13 18829.00 297.9 315.0 315.0 286.2 507.0 102.0
2021-12-14 10602.00 320.2 301.1 321.5 301.1 507.0 102.0
2021-12-15 20258.00 321.0 326.6 347.0 321.0 507.0 102.0
2021-12-16 4620.0 304.0 314.6 320.7 303.9 507.0 102.0
2021-12-20 4938.0 307.0 298.0 309.9 293.0 507.0 102.0
2021-12-21 1460.0 321.9 307.0 321.9 304.0 507.0 102.0
2021-12-22 16423.0 330.0 321.9 334.0 320.0 507.0 102.0
2021-12-23 22618.0 333.0 329.9 354.0 324.1 507.0 102.0
2021-12-26 58403.0 328.0 326.4 340.0 321.0 507.0 102.0
2021-12-27 310912.0 300.0 328.2 347.9 298.0 507.0 102.0
2021-12-28 177049.0 310.0 302.0 318.2 298.9 507.0 102.0
2021-12-29 53763.0 303.0 316.0 316.0 300.0 507.0 102.0
2022-01-02 39788.0 301.9 304.0 306.0 298.0 507.0 102.0
2022-01-03 48659.0 297.7 306.0 307.9 296.0 507.0 102.0
2022-01-04 72353.0 298.0 296.0 302.0 293.0 507.0 104.0
2022-01-05 145275.0 300.1 300.0 313.0 295.0 507.0 105.0
2022-01-06 73855.0 306.0 298.0 307.0 295.0 507.0 109.0
2022-01-09 166162.0 319.0 312.1 319.9 306.0 507.0 110.0
2022-01-10 189534.0 340.0 325.3 347.0 321.0 507.0 110.0
2022-01-11 83335.0 346.0 345.0 349.0 330.0 507.0 110.0
2022-01-12 199335.0 327.0 340.0 348.8 326.1 507.0 110.0
2022-01-13 143123.0 337.0 325.0 338.0 319.0 507.0 110.0
2022-01-16 175513.0 347.0 343.7 357.0 343.7 507.0 110.0
2022-01-17 282297.0 351.5 349.0 362.0 334.0 507.0 110.0
2022-01-18 84475.0 339.0 357.9 358.0 335.0 507.0 110.0
2022-01-19 69806.0 328.0 345.0 345.0 327.0 507.0 110.0
2022-01-20 58680.0 340.5 325.0 340.5 322.0 507.0 111.0
2022-01-23 103309.0 334.0 344.0 352.0 327.0 507.0 113.0
2022-01-24 110505.0 318.0 334.0 334.0 315.1 507.0 113.0
2022-01-25 42461.0 316.0 312.0 329.4 312.0 507.0 113.0
2022-01-26 69071.0 310.0 321.0 321.0 305.4 507.0 113.0
2022-01-27 49547.0 311.0 306.0 316.0 306.0 507.0 113.0
2022-01-30 75791.0 332.0 317.2 335.0 317.2 507.0 113.0
2022-01-31 37150.0 325.0 338.0 341.5 324.1 507.0 113.0
2022-02-01 61821.0 335.0 326.0 336.6 320.0 507.0 113.0
2022-02-03 132280.0 334.0 341.7 349.8 333.2 507.0 113.0
2022-02-06 39117.0 325.0 333.9 334.0 323.0 507.0 113.0
2022-02-07 25855.0 328.0 320.0 332.5 319.1 507.0 113.0
2022-02-09 29313.0 320.0 317.0 324.5 317.0 507.0 113.0
2022-02-10 28171.0 319.0 324.9 325.0 318.0 507.0 113.0
2022-02-13 40169.0 308.0 312.7 317.0 301.0 507.0 113.0
2022-02-14 27791.0 311.0 313.0 317.0 309.0 507.0 113.0
2022-02-15 27257.0 326.0 316.9 328.0 310.0 507.0 113.0
2022-02-16 22136.0 315.1 332.0 332.0 312.0 507.0 113.0
2022-02-17 40947.0 316.0 321.0 321.0 306.8 507.0 113.0
2022-02-20 33179.0 313.1 316.0 324.0 303.6 507.0 113.0
2022-02-21 17800.0 317.5 319.3 321.3 312.0 507.0 113.0
2022-02-22 43113.0 322.0 321.5 328.0 317.0 507.0 113.0
