2021-11-16 1881.0 3158.0 3150.0 3191.0 3132.0 5500.0 1450.0
2021-11-17 2600.0 3167.1 3161.0 3209.9 3158.0 5500.0 1450.0
2021-11-18 4924.0 3229.0 3133.0 3255.0 3133.0 5500.0 1450.0
2021-11-21 1535.0 3186.0 3240.0 3255.0 3176.0 5500.0 1450.0
2021-11-22 1008.0 3160.0 3220.0 3220.0 3152.0 5500.0 1450.0
2021-11-23 888.0 3144.0 3160.0 3160.0 3100.0 5500.0 1450.0
2021-11-24 943.0 3100.0 3082.1 3100.0 3050.1 5500.0 1450.0
2021-11-25 1639.0 3103.0 3162.0 3164.0 3101.0 5500.0 1495.0
2021-11-28 1350.0 3001.0 3050.0 3110.0 2990.2 5500.0 1501.0
2021-11-29 1996.0 2966.1 3001.0 3049.0 2965.3 5500.0 1501.0
2021-11-30 769.0 2970.2 2950.0 3000.0 2950.0 5500.0 1501.0
2021-12-01 810.0 2996.0 2950.1 3029.0 2950.0 5500.0 1501.0
2021-12-02 3179.0 2920.0 3000.0 3025.0 2920.0 5500.0 1501.0
