2021-08-03 166370.0 388.9 391.0 392.0 387.0 413.0 180.0 BEARISH BULLISH BULLISH 389.3 386.6 384.3 381.6 391.6 394.3 396.6
2021-08-04 162290.0 389.9 388.0 393.0 388.0 413.0 180.0 BULLISH BULLISH BULLISH 390.3 387.6 385.3 382.6 392.6 395.3 397.6
2021-08-05 214371.0 387.2 390.0 394.0 385.0 413.0 180.0 BEARISH BULLISH BULLISH 390.3 387.6 385.3 382.6 392.6 395.3 397.6
2021-08-09 146709.0 383.0 385.0 388.0 383.0 413.0 180.0 BEARISH BEARISH BULLISH 384.67 381.33 379.67 376.33 386.33 389.67 391.33
2021-08-12 857151.0 399.5 395.0 404.4 391.0 413.0 180.0 BULLISH BULLISH BULLISH 398.3 392.2 384.9 378.8 405.6 411.7 419.0
2021-08-15 310890.0 394.0 400.0 407.0 392.0 413.0 180.0 BULLISH BULLISH BULLISH 397.67 388.33 382.67 373.33 403.33 412.67 418.33
2021-08-16 212058.0 388.5 395.0 396.0 387.0 413.0 180.0 BEARISH BEARISH BULLISH 390.5 385.0 381.5 376.0 394.0 399.5 403.0
2021-08-17 235101.0 382.0 390.0 390.0 381.1 413.0 181.0 BEARISH BEARISH BULLISH 390.5 385.0 381.5 376.0 394.0 399.5 403.0
2021-08-18 264714.0 387.0 389.6 394.0 375.0 413.0 181.0 BEARISH BEARISH BULLISH 385.33 376.67 366.33 357.67 395.67 404.33 414.67
2021-08-19 185044.0 380.0 387.0 390.0 379.3 413.0 181.0 BEARISH BEARISH BULLISH 383.1 376.2 372.4 365.5 386.9 393.8 397.6
