2021-11-24 30.0 1052.6 1052.6 1052.6 1052.6 1141.0 1030.0
2021-11-25 1220.0 1006.2 1035.0 1035.0 1001.0 1141.0 1001.0
2021-11-28 150.0 1005.0 1000.1 1005.0 998.1 1141.0 998.1
2021-11-29 25.0 1005.0 1005.0 1005.0 1005.0 1141.0 998.1
2021-12-01 25.0 1006.0 1006.0 1006.0 1006.0 1141.0 998.1
2021-12-02 100.0 1000.0 1002.0 1002.0 999.5 1141.0 998.1
2021-12-07 90.0 1006.0 997.2 1006.0 997.2 1141.0 997.2
2021-12-09 25.0 1006.0 1006.0 1006.0 1006.0 1141.0 997.2
2021-12-13 25.00 997.0 997.0 997.0 997.0 1141.0 997.0
2021-12-15 25.00 1016.9 1016.9 1016.9 1016.9 1141.0 997.0
2021-12-22 25.0 1005.0 1005.0 1005.0 1005.0 1141.0 997.0
2021-12-26 50.0 1000.0 1000.0 1000.0 1000.0 1141.0 997.0
2021-12-27 100.0 1020.0 1015.0 1020.0 1015.0 1141.0 997.0
2021-12-29 25.0 1020.0 1020.0 1020.0 1020.0 1141.0 997.0
2022-01-02 25.0 1039.9 1039.9 1039.9 1039.9 1141.0 997.0
2022-01-09 100.0 1060.0 1060.0 1060.0 1060.0 1141.0 997.0
2022-01-16 25.0 1055.0 1055.0 1055.0 1055.0 1141.0 997.0
2022-01-25 10.0 1033.9 1033.9 1033.9 1033.9 1141.0 997.0
2022-01-26 75.0 1000.3 1013.3 1013.3 1000.0 1141.0 997.0
2022-02-22 50.0 999.0 999.0 999.0 999.0 1141.0 997.0
