2021-11-28 238640.0 149.0 149.0 149.0 149.0 155.8 100.0
2021-11-29 195000.0 149.0 149.0 149.0 149.0 155.8 100.0
2021-12-09 242000.0 149.0 149.0 149.0 149.0 155.8 100.0
2021-12-13 50000.00 149.0 149.0 149.0 149.0 155.8 100.0
2021-12-20 68896.0 149.0 149.0 149.0 149.0 155.8 100.0
2021-12-27 10668.0 149.0 149.0 149.0 149.0 155.8 100.0
2022-01-06 63000.0 149.0 149.0 149.0 149.0 155.8 100.0
2022-01-30 13318.0 149.0 149.0 149.0 149.0 155.8 100.0
2022-01-31 7099.0 149.0 149.0 149.0 149.0 155.8 100.0
2022-02-06 124000.0 146.1 149.0 149.0 146.1 155.8 100.0
2022-02-07 34360.0 146.1 146.1 174.53 146.1 174.53 100.0
2022-02-14 90089.0 143.2 146.1 146.1 143.2 174.53 100.0
2022-02-16 8309.0 140.4 140.4 140.4 140.4 174.53 100.0
2022-02-17 5339.0 137.6 137.6 137.6 137.6 174.53 100.0
2022-02-20 36818.0 134.9 137.6 137.6 134.9 174.53 100.0
2022-02-22 11572.0 132.3 132.3 132.3 132.3 174.53 100.0
