2021-11-16 76100.0 9.56 9.45 9.74 9.45 11.65 9.08
2021-11-17 18320.0 9.58 9.4 9.58 9.4 11.65 9.08
2021-11-18 11100.0 9.48 9.4 9.64 9.39 11.65 9.08
2021-11-21 9805.0 9.5 9.39 9.5 9.39 11.65 9.08
2021-11-22 9360.0 9.47 9.42 9.56 9.41 11.65 9.08
2021-11-23 15700.0 9.38 9.47 9.47 9.36 11.65 9.08
2021-11-24 23545.0 9.33 9.31 9.5 9.31 11.65 9.08
2021-11-25 10005.0 9.4 9.32 9.52 9.32 11.65 9.08
2021-11-28 9800.0 9.38 9.32 9.5 9.32 11.65 9.08
2021-11-29 14300.0 9.36 9.33 9.45 9.33 11.65 9.08
2021-11-30 17020.0 9.31 9.31 9.32 9.31 11.65 9.08
2021-12-01 16220.0 9.33 9.15 9.38 9.15 11.65 9.08
2021-12-02 32810.0 9.25 9.17 9.5 9.16 11.65 9.08
