2021-11-16 14734.0 365.0 352.0 366.0 346.0 556.2 100.0
2021-11-17 20696.0 360.0 372.0 380.0 357.7 556.2 100.0
2021-11-18 15411.0 352.0 353.1 357.0 348.0 556.2 100.0
2021-11-21 14794.0 348.0 352.0 358.0 347.0 556.2 100.0
2021-11-22 43301.0 365.5 350.0 375.0 350.0 556.2 100.0
2021-11-23 18883.0 350.0 358.3 369.2 347.0 556.2 100.0
2021-11-24 22811.0 362.0 356.9 372.0 338.1 556.2 100.0
2021-11-25 13738.0 360.0 369.1 369.1 357.7 556.2 100.0
2021-11-28 19172.0 339.0 352.8 353.0 338.0 556.2 100.0
2021-11-29 14153.0 336.0 340.0 351.9 332.0 556.2 100.0
2021-11-30 41628.0 335.0 335.0 348.5 329.0 556.2 100.0
2021-12-01 33711.0 330.0 341.0 341.7 328.3 556.2 100.0
2021-12-02 17373.0 320.0 336.0 340.0 317.0 556.2 100.0
2021-12-05 13029.0 310.0 320.4 326.0 310.0 556.2 100.0
2021-12-06 20522.0 323.9 304.0 327.9 292.0 556.2 100.0
2021-12-07 11146.0 314.0 330.0 336.9 312.0 556.2 100.0
2021-12-08 21675.0 300.0 314.0 317.3 295.0 556.2 100.0
2021-12-09 15928.0 299.4 300.0 306.0 292.0 556.2 100.0
2021-12-12 15859.0 279.4 305.0 307.0 279.4 556.2 100.0
2021-12-13 27533.00 256.0 273.9 275.0 251.5 556.2 100.0
2021-12-14 11889.00 281.6 261.0 281.6 260.0 556.2 100.0
2021-12-15 41913.00 285.0 287.0 309.7 270.2 556.2 100.0
2021-12-16 9742.0 279.0 285.0 288.0 275.1 556.2 100.0
2021-12-20 10960.0 270.0 275.0 284.0 265.0 556.2 100.0
2021-12-21 7169.0 286.0 275.0 288.0 273.0 556.2 100.0
2021-12-22 31725.0 295.0 291.7 300.0 288.4 556.2 100.0
2021-12-23 20277.0 295.0 300.9 312.0 290.0 556.2 100.0
2021-12-26 7594.0 290.0 295.0 299.0 290.0 556.2 100.0
2021-12-27 13902.0 279.0 285.0 294.0 278.5 556.2 100.0
2021-12-28 13900.0 280.0 275.0 286.0 268.5 556.2 100.0
2021-12-29 4942.0 282.0 275.0 285.0 275.0 556.2 100.0
2022-01-02 8084.0 279.0 282.0 283.0 276.4 556.2 100.0
2022-01-03 12504.0 278.0 284.0 284.0 277.0 556.2 100.0
2022-01-04 7265.0 280.0 276.0 281.0 276.0 556.2 104.0
2022-01-05 15918.0 282.0 281.0 295.0 280.8 556.2 104.0
2022-01-06 11932.0 287.0 282.0 290.0 278.0 556.2 106.0
2022-01-09 45190.0 305.0 292.7 308.0 292.7 556.2 106.0
2022-01-10 77087.0 330.0 311.0 335.5 311.0 556.2 106.0
2022-01-11 36164.0 334.0 336.0 342.7 326.5 556.2 106.0
2022-01-12 28712.0 325.0 335.0 344.0 321.1 556.2 106.0
2022-01-13 34222.0 336.0 324.0 338.0 318.0 556.2 106.0
2022-01-16 54980.0 358.0 342.0 360.0 342.0 556.2 106.0
2022-01-17 37317.0 352.5 363.0 365.0 343.1 556.2 106.0
2022-01-18 29813.0 337.0 357.0 357.0 327.0 556.2 106.0
2022-01-19 24591.0 330.0 343.7 343.7 328.0 556.2 107.0
2022-01-20 23380.0 342.0 330.0 345.0 325.0 556.2 107.0
2022-01-23 15417.0 340.0 348.0 350.0 333.5 556.2 110.0
2022-01-24 43412.0 322.0 340.0 340.0 318.0 556.2 110.0
2022-01-25 20355.0 324.0 321.0 331.0 310.0 556.2 110.0
2022-01-26 18358.0 313.9 318.0 325.0 307.8 556.2 110.0
2022-01-27 9932.0 314.0 315.0 320.0 309.0 556.2 110.0
2022-01-30 37346.0 334.0 320.2 339.0 320.2 556.2 110.0
2022-01-31 11168.0 327.0 340.6 340.6 325.0 556.2 110.0
2022-02-01 24999.0 334.0 327.4 337.9 321.0 556.2 110.0
2022-02-03 35071.0 335.0 340.0 345.4 332.0 556.2 111.0
2022-02-06 21191.0 323.0 334.9 334.9 323.0 556.2 111.0
2022-02-07 9168.0 329.0 322.0 334.0 320.0 556.2 111.0
2022-02-09 64246.0 320.0 325.0 330.0 312.0 556.2 111.0
2022-02-10 14645.0 324.0 320.0 329.0 320.0 556.2 111.0
2022-02-13 31817.0 308.0 317.6 318.0 302.7 556.2 111.0
2022-02-14 18767.0 306.1 314.0 316.0 304.0 556.2 111.0
2022-02-15 14690.0 324.0 312.2 324.0 310.0 556.2 111.0
2022-02-16 11089.0 314.0 324.0 328.0 312.0 556.2 111.0
2022-02-17 6794.0 313.5 311.0 320.2 310.1 556.2 111.0
2022-02-20 20074.0 309.0 307.3 317.0 303.0 556.2 111.0
2022-02-21 7627.0 315.0 310.0 316.2 307.0 556.2 111.0
2022-02-22 23877.0 320.0 320.0 330.0 315.0 556.2 111.0
