2021-08-03 6729.0 1769.0 1749.3 1773.0 1725.0 2042.0 683.0
2021-08-04 6124.0 1730.0 1803.0 1818.0 1730.0 2042.0 683.0
2021-08-05 848.0 1702.0 1764.0 1764.6 1701.0 2042.0 683.0
2021-08-09 1715.0 1658.0 1646.0 1679.0 1646.0 2042.0 683.0
2021-08-12 1542.0 1672.0 1700.0 1700.0 1670.0 2042.0 683.0
2021-08-15 1455.0 1700.0 1650.0 1720.7 1650.0 2042.0 683.0
2021-08-16 1380.0 1700.0 1720.0 1720.0 1690.0 2042.0 683.0
2021-08-17 7844.0 1710.5 1734.0 1751.0 1700.3 2042.0 683.0
2021-08-18 3697.0 1701.0 1720.0 1725.0 1701.0 2042.0 683.0
2021-08-19 2650.0 1667.0 1681.0 1700.0 1667.0 2042.0 683.0
2021-08-24 3026.0 1635.0 1662.0 1665.0 1631.0 2042.0 683.0
2021-08-25 840.0 1647.0 1650.0 1683.0 1620.0 2042.0 683.0
2021-08-26 2403.0 1645.0 1679.9 1679.9 1615.0 2042.0 683.0
2021-08-29 2565.0 1617.1 1617.0 1630.0 1617.0 2042.0 683.0
2021-08-31 832.0 1565.0 1586.1 1600.0 1565.0 2042.0 683.0
2021-09-01 815.0 1551.0 1565.0 1584.0 1551.0 2042.0 683.0
2021-09-02 739.0 1560.0 1555.0 1570.0 1520.0 2042.0 683.0
2021-09-05 974.0 1470.1 1540.0 1540.0 1470.1 2042.0 683.0
2021-09-07 909.0 1475.0 1505.0 1510.0 1475.0 2042.0 683.0
2021-09-08 1007.0 1475.0 1475.0 1530.0 1475.0 2042.0 709.0
2021-09-09 576.0 1495.0 1470.0 1499.0 1470.0 2042.0 780.0
2021-09-12 1135.0 1524.0 1500.0 1525.0 1466.1 2042.0 928.0
2021-09-13 1747.0 1510.0 1497.0 1545.0 1467.1 2042.0 928.0
2021-09-14 1010.0 1475.2 1518.0 1518.0 1460.0 2042.0 964.0
2021-09-15 294.0 1465.2 1451.0 1470.0 1451.0 2042.0 964.0
