2021-11-16 2626.0 1375.0 1335.0 1375.0 1315.0 1715.0 743.0
2021-11-17 2554.0 1369.9 1389.9 1389.9 1347.5 1715.0 743.0
2021-11-18 4615.0 1370.0 1342.8 1370.0 1335.0 1715.0 743.0
2021-11-21 1890.0 1345.0 1342.6 1350.0 1324.0 1715.0 750.0
2021-11-22 6917.0 1335.0 1358.0 1358.0 1300.0 1715.0 750.0
2021-11-23 1396.0 1320.0 1308.3 1333.0 1297.0 1715.0 752.0
2021-11-24 2994.0 1339.0 1295.0 1339.0 1277.0 1715.0 752.0
2021-11-25 5921.0 1299.0 1312.3 1312.3 1286.0 1715.0 755.0
2021-11-28 2837.0 1262.0 1273.1 1273.1 1235.0 1715.0 755.0
2021-11-29 4186.0 1284.0 1255.0 1284.0 1223.0 1715.0 755.0
2021-11-30 865.0 1278.0 1259.0 1278.0 1234.0 1715.0 755.0
2021-12-01 955.0 1275.0 1253.0 1280.0 1240.0 1715.0 755.0
2021-12-02 2599.0 1267.0 1250.0 1290.0 1220.0 1715.0 755.0
2021-12-05 4822.0 1218.0 1242.0 1242.0 1194.0 1715.0 755.0
2021-12-06 3061.0 1285.0 1194.0 1285.0 1151.1 1715.0 755.0
2021-12-07 5201.0 1198.0 1275.0 1275.0 1198.0 1715.0 755.0
2021-12-08 2649.0 1174.0 1180.0 1198.5 1120.0 1715.0 755.0
2021-12-09 2110.0 1155.0 1151.0 1155.0 1128.0 1715.0 755.0
2021-12-12 2662.0 1110.0 1131.9 1131.9 1088.0 1715.0 781.0
2021-12-13 3398.00 1050.0 1089.0 1089.0 1015.0 1715.0 781.0
2021-12-14 1738.00 1155.0 1071.0 1155.0 1050.1 1715.0 784.0
2021-12-15 4142.00 1149.0 1155.0 1197.0 1092.0 1715.0 784.0
2021-12-16 2416.0 1105.0 1127.0 1127.0 1081.9 1715.0 784.0
2021-12-20 2419.0 1100.0 1127.0 1127.0 1069.0 1715.0 784.0
2021-12-21 1461.0 1110.0 1122.0 1122.0 1060.0 1715.0 784.0
2021-12-22 2730.0 1145.0 1132.0 1145.0 1107.3 1715.0 831.0
2021-12-23 3469.0 1160.0 1167.0 1167.0 1119.0 1715.0 831.0
2021-12-26 5614.0 1271.9 1183.0 1271.9 1160.0 1715.0 831.0
2021-12-27 9265.0 1207.0 1246.5 1246.5 1167.5 1715.0 831.0
2021-12-28 4887.0 1229.0 1207.0 1252.9 1165.0 1715.0 831.0
2021-12-29 4439.0 1216.7 1240.0 1240.0 1182.0 1715.0 837.0
2022-01-02 6016.0 1234.3 1195.0 1234.5 1195.0 1715.0 850.0
2022-01-03 6754.0 1247.0 1240.0 1275.0 1239.0 1715.0 850.0
2022-01-04 33773.0 1315.0 1250.0 1321.0 1250.0 1715.0 863.0
2022-01-05 6695.0 1179.0 1186.9 1210.0 1165.0 1715.0 863.0
2022-01-06 2468.0 1196.0 1156.0 1196.0 1155.0 1715.0 863.0
2022-01-09 5835.0 1195.0 1173.7 1220.0 1173.7 1715.0 951.0
2022-01-10 5987.0 1208.0 1200.0 1224.9 1186.0 1715.0 951.0
2022-01-11 7232.0 1300.0 1206.0 1326.0 1205.0 1715.0 951.0
2022-01-12 9746.0 1268.0 1289.0 1304.0 1250.0 1715.0 951.0
2022-01-13 14178.0 1313.0 1280.0 1315.0 1250.0 1715.0 960.0
2022-01-16 8619.0 1370.0 1339.0 1393.0 1339.0 1715.0 1005.0
2022-01-17 4918.0 1375.0 1370.0 1379.9 1343.0 1715.0 1005.0
2022-01-18 10162.0 1369.0 1389.1 1390.0 1333.0 1715.0 1015.0
2022-01-19 7781.0 1311.1 1350.0 1355.0 1311.1 1715.0 1015.0
2022-01-20 11231.0 1327.0 1310.0 1335.0 1310.0 1715.0 1015.0
2022-01-23 6329.0 1295.0 1330.0 1330.0 1295.0 1715.0 1015.0
2022-01-24 9265.0 1260.0 1285.0 1285.3 1250.0 1715.0 1015.0
2022-01-25 30451.0 1317.0 1242.0 1326.0 1242.0 1715.0 1015.0
2022-01-26 18697.0 1343.0 1343.3 1360.0 1317.0 1715.0 1015.0
2022-01-27 6776.0 1343.0 1330.1 1356.0 1325.0 1715.0 1015.0
2022-01-30 26153.0 1349.0 1369.8 1393.0 1346.0 1715.0 1015.0
2022-01-31 6230.0 1334.0 1350.0 1355.0 1327.0 1715.0 1015.0
2022-02-01 9897.0 1365.0 1320.0 1365.0 1320.0 1715.0 1015.0
2022-02-03 10385.0 1334.0 1370.0 1374.0 1331.0 1715.0 1015.0
2022-02-06 2693.0 1319.1 1334.0 1339.0 1309.0 1715.0 1015.0
2022-02-07 2149.0 1307.1 1319.0 1319.0 1297.1 1715.0 1015.0
2022-02-09 3711.0 1292.0 1295.0 1310.0 1270.0 1715.0 1015.0
2022-02-10 10256.0 1260.0 1283.0 1294.9 1260.0 1715.0 1015.0
2022-02-13 18528.0 1236.0 1235.0 1248.9 1225.1 1715.0 1015.0
2022-02-14 3727.0 1268.0 1227.1 1275.0 1227.0 1715.0 1015.0
2022-02-15 4254.0 1331.0 1253.0 1331.0 1245.0 1715.0 1015.0
2022-02-16 7124.0 1335.0 1304.4 1335.0 1290.0 1715.0 1015.0
2022-02-17 2525.0 1346.0 1310.8 1346.0 1309.0 1715.0 1015.0
2022-02-20 6948.0 1345.0 1319.1 1345.0 1285.0 1715.0 1015.0
2022-02-21 3066.0 1320.0 1319.0 1343.0 1311.0 1715.0 1015.0
2022-02-22 6210.0 1307.9 1316.0 1319.0 1290.0 1715.0 1015.0
