2021-11-16 14520.0 649.0 629.9 650.0 617.4 878.9 177.0
2021-11-17 14415.0 645.0 661.9 661.9 633.0 878.9 177.0
2021-11-18 12245.0 626.0 657.9 657.9 615.0 878.9 177.0
2021-11-21 9167.0 645.0 638.5 651.0 612.0 878.9 177.0
2021-11-22 4355.0 635.8 654.0 654.0 625.0 878.9 177.0
2021-11-23 12693.0 613.0 623.1 640.0 590.0 878.9 177.0
2021-11-24 10140.0 610.0 625.2 625.2 595.0 878.9 177.0
2021-11-25 10107.0 606.1 602.0 619.0 598.0 878.9 177.0
2021-11-28 14354.0 574.9 594.0 604.0 567.0 878.9 177.0
2021-11-29 13187.0 596.0 570.0 601.8 567.5 878.9 177.0
2021-11-30 7026.0 595.6 607.9 607.9 570.0 878.9 177.0
2021-12-01 2440.0 594.8 607.5 607.5 584.1 878.9 177.0
2021-12-02 7809.0 574.9 590.0 590.0 566.0 878.9 177.0
2021-12-05 3070.0 549.0 586.3 586.3 536.0 878.9 177.0
2021-12-06 15780.0 563.9 559.9 570.0 507.0 878.9 177.0
2021-12-07 7241.0 549.7 575.1 575.1 530.0 878.9 177.0
2021-12-08 7645.0 520.0 540.0 544.0 509.0 878.9 177.0
2021-12-09 6501.0 507.0 530.0 530.0 499.6 878.9 177.0
2021-12-12 19385.0 469.0 498.1 498.1 460.0 878.9 177.0
2021-12-13 12087.00 444.0 460.0 467.0 430.3 878.9 177.0
2021-12-14 9188.00 482.9 452.8 483.0 443.8 878.9 177.0
2021-12-15 22315.00 499.0 492.5 521.0 467.5 878.9 177.0
2021-12-16 6494.0 490.0 490.0 490.6 473.0 878.9 177.0
2021-12-20 3380.0 479.0 480.2 485.0 461.5 878.9 177.0
2021-12-21 2315.0 488.7 488.5 489.6 472.0 878.9 177.0
2021-12-22 12334.0 518.0 498.4 520.0 495.0 878.9 186.0
2021-12-23 15802.0 530.0 528.0 536.0 510.0 878.9 186.0
2021-12-26 21162.0 540.0 540.6 570.0 530.0 878.9 186.0
2021-12-27 28752.0 508.0 540.0 550.0 489.0 878.9 186.0
2021-12-28 25386.0 505.0 498.0 515.1 487.0 878.9 186.0
2021-12-29 16742.0 500.0 496.0 506.0 485.0 878.9 186.0
2022-01-02 49459.0 518.0 501.5 519.1 481.4 878.9 188.0
2022-01-03 14202.0 440.0 459.4 465.0 439.0 878.9 188.0
2022-01-04 12237.0 455.0 448.8 460.0 435.1 878.9 189.0
2022-01-05 21389.0 459.9 455.0 472.0 445.0 878.9 189.0
2022-01-06 13394.0 465.0 451.0 469.1 450.0 878.9 194.0
2022-01-09 26774.0 501.0 474.3 510.0 474.3 878.9 194.0
2022-01-10 34149.0 500.5 491.0 523.0 481.2 878.9 194.0
2022-01-11 17486.0 525.0 509.9 527.0 505.0 878.9 194.0
2022-01-12 32972.0 525.0 520.0 560.0 511.0 878.9 194.0
2022-01-13 31397.0 550.0 520.0 550.8 514.5 878.9 194.0
2022-01-16 19412.0 559.5 561.0 579.0 558.6 878.9 197.0
2022-01-17 31522.0 558.0 555.0 570.0 530.1 878.9 197.0
2022-01-18 16952.0 546.0 560.0 563.2 540.0 878.9 201.0
2022-01-19 10384.0 531.0 535.1 553.0 530.1 878.9 201.0
2022-01-20 11876.0 549.0 541.0 549.0 534.0 878.9 201.0
2022-01-23 16072.0 542.0 559.9 570.0 540.0 878.9 201.0
2022-01-24 27601.0 512.0 531.9 532.0 508.0 878.9 201.0
2022-01-25 14574.0 510.0 501.9 536.9 501.8 878.9 201.0
2022-01-26 12725.0 505.0 519.0 519.0 491.0 878.9 204.0
2022-01-27 4959.0 504.0 510.0 525.0 503.0 878.9 204.0
2022-01-30 16628.0 538.0 514.0 543.0 514.0 878.9 204.0
2022-01-31 9145.0 530.0 548.7 550.0 526.0 878.9 204.0
2022-02-01 14695.0 539.0 524.3 550.0 524.3 878.9 207.0
2022-02-03 38315.0 547.9 549.0 575.0 545.0 878.9 216.0
2022-02-06 11640.0 540.0 557.9 557.9 535.0 878.9 235.0
2022-02-07 7951.0 544.0 530.0 550.0 530.0 878.9 235.0
2022-02-09 5122.0 537.0 549.9 549.9 530.0 878.9 235.0
2022-02-10 4710.0 535.0 545.0 545.0 526.4 878.9 235.0
2022-02-13 15490.0 509.1 525.0 525.0 506.2 878.9 235.0
2022-02-14 19679.0 510.0 517.9 519.0 499.0 878.9 235.0
2022-02-15 6854.0 549.0 502.0 549.0 502.0 878.9 235.0
2022-02-16 13548.0 528.0 538.1 550.0 520.0 878.9 235.0
2022-02-17 6791.0 527.0 520.0 537.9 520.0 878.9 235.0
2022-02-20 16910.0 521.0 516.5 537.0 507.0 878.9 235.0
2022-02-21 7618.0 527.0 530.0 535.0 516.6 878.9 235.0
2022-02-22 9570.0 530.0 537.0 544.9 526.0 878.9 235.0
