2021-11-16 11918.0 475.0 472.0 477.3 463.0 607.0 127.0
2021-11-17 22687.0 463.0 484.0 485.0 460.0 607.0 127.0
2021-11-18 8707.0 448.0 460.0 466.0 447.0 607.0 127.0
2021-11-21 8649.0 458.0 448.0 469.0 446.0 607.0 127.0
2021-11-22 3553.0 450.0 464.3 464.3 449.0 607.0 127.0
2021-11-23 11419.0 436.0 459.0 459.0 428.0 607.0 127.0
2021-11-24 20648.0 465.0 427.6 467.0 416.5 607.0 127.0
2021-11-25 17438.0 442.0 462.0 466.0 442.0 607.0 127.0
2021-11-28 12734.0 423.0 433.2 440.0 423.0 607.0 127.0
2021-11-29 11064.0 430.9 425.0 442.0 418.0 607.0 127.0
2021-11-30 10100.0 431.0 439.5 440.0 415.0 607.0 127.0
2021-12-01 3734.0 435.0 431.0 441.0 430.0 607.0 127.0
2021-12-02 6682.0 421.0 443.5 443.5 420.0 607.0 127.0
2021-12-05 12239.0 392.0 412.6 421.2 392.0 607.0 127.0
2021-12-06 20321.0 410.0 386.0 431.0 380.0 607.0 127.0
2021-12-07 11141.0 400.0 418.2 428.0 400.0 607.0 127.0
2021-12-08 10314.0 388.9 408.0 413.0 381.3 607.0 127.0
2021-12-09 9920.0 388.0 388.9 402.9 374.0 607.0 127.0
2021-12-12 8464.0 360.0 387.1 387.1 358.7 607.0 127.0
2021-12-13 13409.00 335.0 353.0 359.8 330.1 607.0 127.0
2021-12-14 8865.00 367.0 341.0 367.0 329.0 607.0 127.0
2021-12-15 21749.00 375.0 374.3 402.0 357.0 607.0 127.0
2021-12-16 12232.0 355.0 375.0 382.0 355.0 607.0 127.0
2021-12-20 5765.0 354.0 362.0 362.0 342.0 607.0 127.0
2021-12-21 4839.0 367.0 361.0 367.0 359.0 607.0 127.0
2021-12-22 12991.0 389.9 367.0 395.0 367.0 607.0 128.0
2021-12-23 15128.0 383.0 397.6 405.0 382.1 607.0 128.0
2021-12-26 19964.0 390.0 380.0 399.0 372.4 607.0 128.0
2021-12-27 10180.0 370.0 397.0 397.0 368.0 607.0 128.0
2021-12-28 9749.0 375.0 363.0 376.9 361.1 607.0 128.0
2021-12-29 3047.0 370.0 368.0 380.0 361.0 607.0 128.0
2022-01-02 10196.0 372.0 375.0 375.0 366.0 607.0 128.0
2022-01-03 8601.0 372.1 379.0 389.0 365.5 607.0 128.0
2022-01-04 22320.0 396.0 374.0 400.0 374.0 607.0 128.0
2022-01-05 25669.0 385.6 403.9 404.9 377.0 607.0 132.0
2022-01-06 20822.0 400.0 378.0 400.8 378.0 607.0 134.0
2022-01-09 35465.0 434.0 408.0 434.0 404.0 607.0 135.0
2022-01-10 41943.0 432.0 440.0 450.8 419.0 607.0 135.0
2022-01-11 22016.0 447.0 432.0 454.0 430.0 607.0 139.0
2022-01-12 30751.0 430.0 439.0 464.0 425.0 607.0 139.0
2022-01-13 34541.0 470.2 422.0 470.2 422.0 607.0 144.0
2022-01-16 78446.0 500.0 479.6 514.0 469.0 607.0 147.0
2022-01-17 40241.0 499.0 495.0 499.0 480.0 607.0 147.0
2022-01-18 37666.0 485.0 493.0 501.0 478.0 607.0 150.0
2022-01-19 64808.0 470.0 476.0 493.0 460.0 607.0 150.0
2022-01-20 31616.0 488.0 460.6 489.0 460.6 607.0 150.0
2022-01-23 26768.0 478.0 490.0 495.0 469.0 607.0 157.0
2022-01-24 78302.0 440.6 480.0 480.0 436.2 607.0 157.0
2022-01-25 31835.0 450.0 435.0 455.0 431.8 607.0 157.0
2022-01-26 15342.0 438.0 456.0 456.0 431.0 607.0 157.0
2022-01-27 17062.0 430.0 446.0 446.0 427.0 607.0 157.0
2022-01-30 48680.0 465.0 438.6 466.0 438.6 607.0 157.0
2022-01-31 24936.0 455.0 474.0 474.0 448.0 607.0 157.0
2022-02-01 24862.0 457.0 448.0 463.0 447.0 607.0 157.0
2022-02-03 33082.0 445.0 465.0 466.0 441.1 607.0 157.0
2022-02-06 9607.0 432.1 444.0 448.0 432.0 607.0 157.0
2022-02-07 9239.0 432.0 432.0 448.8 424.0 607.0 157.0
2022-02-09 4204.0 429.0 439.0 439.0 425.0 607.0 157.0
2022-02-10 9234.0 430.0 432.0 437.0 420.0 607.0 157.0
2022-02-13 16295.0 410.0 421.4 421.4 406.5 607.0 157.0
2022-02-14 10119.0 408.0 410.0 415.0 402.0 607.0 157.0
2022-02-15 10101.0 416.0 409.0 418.5 400.1 607.0 157.0
2022-02-16 5267.0 409.0 410.0 416.0 408.0 607.0 157.0
2022-02-17 5504.0 418.9 410.0 418.9 410.0 607.0 157.0
2022-02-20 9691.0 405.0 410.6 410.6 396.3 607.0 157.0
2022-02-21 3684.0 408.0 410.0 413.1 402.1 607.0 157.0
2022-02-22 10286.0 410.0 415.0 422.0 409.3 607.0 157.0
