2021-11-16 72564.0 616.2 620.0 625.0 610.0 866.9 206.0
2021-11-17 77902.0 608.0 628.5 628.5 608.0 866.9 206.0
2021-11-18 71187.0 595.0 608.0 618.8 594.0 866.9 206.0
2021-11-21 52986.0 590.0 605.0 605.0 585.1 866.9 206.0
2021-11-22 88056.0 580.0 590.0 600.0 577.0 866.9 206.0
2021-11-23 66079.0 564.9 580.0 587.0 555.7 866.9 206.0
2021-11-24 60439.0 583.0 556.0 583.7 546.0 866.9 206.0
2021-11-25 43648.0 570.0 588.0 588.0 570.0 866.9 206.0
2021-11-28 108171.0 541.9 560.0 570.0 539.0 866.9 206.0
2021-11-29 83325.0 533.0 536.0 558.0 530.0 866.9 206.0
2021-11-30 53999.0 532.9 543.0 553.8 525.0 866.9 206.0
2021-12-01 45065.0 542.0 538.0 549.7 533.1 866.9 206.0
2021-12-02 46669.0 520.0 545.0 547.0 519.4 866.9 206.0
2021-12-05 64930.0 500.0 510.0 528.1 495.0 866.9 206.0
2021-12-06 89802.0 510.0 500.0 520.0 471.5 866.9 206.0
2021-12-07 70375.0 485.2 519.0 526.0 485.0 866.9 206.0
2021-12-08 44402.0 474.0 476.0 498.0 470.0 866.9 206.0
2021-12-09 43157.0 465.0 474.0 478.0 464.0 866.9 206.0
2021-12-12 46086.0 432.0 462.2 467.0 431.0 866.9 206.0
2021-12-13 94847.00 400.0 426.0 430.0 398.0 866.9 206.0
2021-12-14 31325.00 440.0 408.0 440.0 404.0 866.9 206.0
2021-12-15 105409.00 446.1 448.0 480.0 434.2 866.9 206.0
2021-12-16 39653.0 430.6 445.0 446.0 426.0 866.9 206.0
2021-12-20 23287.0 423.0 435.0 435.0 418.0 866.9 206.0
2021-12-21 26988.0 437.0 431.0 439.0 423.5 866.9 206.0
2021-12-22 67315.0 469.0 445.0 473.7 445.0 866.9 212.0
2021-12-23 48944.0 463.7 478.0 478.0 453.0 866.9 212.0
2021-12-26 50557.0 461.0 472.0 472.0 460.0 866.9 212.0
2021-12-27 67478.0 441.0 470.0 470.0 440.0 866.9 212.0
2021-12-28 46605.0 436.0 432.2 442.0 426.0 866.9 212.0
2021-12-29 29013.0 435.0 438.0 444.0 427.3 866.9 212.0
2022-01-02 44696.0 448.0 440.0 450.8 430.1 866.9 215.0
2022-01-03 57667.0 459.0 456.9 469.0 449.0 866.9 215.0
2022-01-04 102186.0 489.0 467.9 491.6 452.1 866.9 215.0
2022-01-05 84716.0 474.0 495.0 504.0 474.0 866.9 215.0
2022-01-06 84786.0 486.0 474.0 491.6 466.0 866.9 215.0
2022-01-09 136830.0 515.0 490.0 515.0 490.0 866.9 222.0
2022-01-10 78925.0 521.0 525.0 530.0 514.0 866.9 222.0
2022-01-11 149844.0 558.0 521.0 567.0 510.1 866.9 226.0
2022-01-12 152591.0 540.0 558.0 565.7 535.0 866.9 236.0
2022-01-13 117059.0 563.0 539.0 569.0 533.0 866.9 238.0
2022-01-16 158485.0 575.0 574.2 590.0 568.0 866.9 248.0
2022-01-17 126908.0 578.0 580.0 584.0 562.0 866.9 248.0
2022-01-18 165150.0 555.1 577.0 578.0 546.9 866.9 269.0
2022-01-19 84969.0 541.5 560.0 566.0 540.0 866.9 269.0
2022-01-20 97604.0 574.0 540.0 578.2 535.0 866.9 269.0
2022-01-23 100708.0 559.0 585.0 585.4 556.0 866.9 269.0
2022-01-24 162513.0 533.0 559.0 559.0 530.1 866.9 269.0
2022-01-25 143088.0 527.0 543.0 546.0 519.0 866.9 269.0
2022-01-26 88744.0 514.5 521.0 532.0 510.0 866.9 275.0
2022-01-27 56196.0 511.0 514.0 525.0 510.0 866.9 275.0
2022-01-30 109917.0 550.0 521.2 550.0 521.2 866.9 275.0
2022-01-31 58588.0 538.0 552.0 560.0 537.0 866.9 275.0
2022-02-01 76648.0 549.0 530.0 551.5 530.0 866.9 276.0
2022-02-03 99985.0 539.0 555.0 565.9 538.1 866.9 284.0
2022-02-06 51915.0 530.1 530.0 544.0 529.0 866.9 287.0
2022-02-07 47655.0 534.0 530.0 542.9 529.0 866.9 287.0
2022-02-09 32287.0 525.0 539.9 539.9 520.0 866.9 289.0
2022-02-10 32855.0 521.5 525.0 530.0 516.2 866.9 289.0
2022-02-13 79112.0 499.0 522.0 522.0 493.0 866.9 289.0
2022-02-14 41036.0 498.1 498.0 507.9 498.0 866.9 289.0
2022-02-15 34464.0 516.0 508.0 516.8 500.0 866.9 289.0
2022-02-16 28013.0 505.0 517.0 525.0 501.0 866.9 289.0
2022-02-17 18933.0 504.0 501.0 509.0 500.0 866.9 289.0
2022-02-20 48069.0 498.0 494.0 505.0 481.0 866.9 289.0
2022-02-21 22781.0 499.0 500.0 504.0 497.0 866.9 289.0
2022-02-22 36610.0 505.0 508.9 509.9 502.0 866.9 289.0
