2021-11-16 272892.0 670.0 673.0 676.2 656.0 774.0 198.0
2021-11-17 292680.0 657.0 675.0 697.0 657.0 774.0 198.0
2021-11-18 144585.0 644.0 660.0 673.0 640.0 774.0 198.0
2021-11-21 133688.0 649.9 644.0 665.0 636.1 774.0 198.0
2021-11-22 105944.0 643.0 660.0 662.8 640.0 774.0 198.0
2021-11-23 119489.0 630.0 636.0 648.7 620.4 774.0 198.0
2021-11-24 87388.0 624.1 618.0 642.0 610.0 774.0 198.0
2021-11-25 112947.0 613.0 630.0 634.0 611.0 774.0 198.0
2021-11-28 137134.0 581.0 616.0 616.0 580.0 774.0 198.0
2021-11-29 106292.0 585.0 590.0 607.0 577.1 774.0 198.0
2021-11-30 71441.0 590.0 596.0 607.9 575.0 774.0 198.0
2021-12-01 61732.0 583.0 600.0 600.0 581.2 774.0 198.0
2021-12-02 63512.0 562.0 594.6 594.6 561.1 774.0 198.0
2021-12-05 78949.0 544.0 573.2 573.2 539.0 774.0 198.0
2021-12-06 144255.0 563.9 553.0 565.0 524.0 774.0 198.0
2021-12-07 85318.0 544.0 574.0 586.0 542.0 774.0 198.0
2021-12-08 65507.0 524.0 549.0 550.0 520.0 774.0 198.0
2021-12-09 103959.0 524.0 533.0 533.0 510.0 774.0 198.0
