2021-11-16 30212.0 321.0 317.0 323.9 312.0 447.0 259.0
2021-11-17 26030.0 322.0 322.1 325.8 321.2 447.0 259.0
2021-11-18 26483.0 316.0 320.0 320.0 315.0 447.0 259.0
2021-11-21 16355.0 314.5 315.0 319.0 314.1 447.0 259.0
2021-11-22 21663.0 313.1 315.0 317.0 312.1 447.0 259.0
2021-11-23 23357.0 312.0 311.0 314.5 310.5 447.0 259.0
2021-11-24 21159.0 309.3 310.0 311.0 307.0 447.0 259.0
2021-11-25 34550.0 317.0 310.0 319.0 306.2 447.0 259.0
2021-11-28 28821.0 307.0 311.0 313.0 305.0 447.0 259.0
2021-11-29 17933.0 305.0 305.0 315.0 305.0 447.0 259.0
2021-11-30 30348.0 302.6 300.1 306.0 300.1 447.0 259.0
2021-12-01 21798.0 305.0 301.0 312.0 301.0 447.0 259.0
2021-12-02 42117.0 300.0 305.0 306.0 297.0 447.0 259.0
