2021-11-16 25.0 943.7 943.7 943.7 943.7 1000.0 940.0
2021-11-17 50.0 945.2 945.2 945.2 945.2 1000.0 940.0
2021-11-18 25.0 942.1 942.1 942.1 942.1 1000.0 940.0
2021-11-21 100.0 945.0 945.0 945.0 945.0 1000.0 940.0
2021-11-25 25.0 944.0 944.0 944.0 944.0 1000.0 940.0
2021-12-23 25.0 937.1 937.1 937.1 937.1 1000.0 937.1
2022-01-02 75.0 923.5 925.0 925.0 923.5 1000.0 923.5
2022-01-10 350.0 960.7 930.0 960.7 930.0 1000.0 923.5
2022-01-11 585.0 985.0 974.0 985.0 974.0 1000.0 923.5
2022-01-12 176.0 990.0 990.0 990.0 990.0 1000.0 923.5
2022-01-23 50.0 980.0 980.0 980.0 980.0 1000.0 923.5
