2021-11-16 35557.0 390.0 364.0 392.8 358.1 530.0 200.0
2021-11-17 27960.0 391.0 394.0 416.1 390.0 530.0 200.0
2021-11-18 20211.0 380.0 388.0 393.0 378.0 530.0 200.0
2021-11-21 4885.0 379.5 372.4 387.3 372.4 530.0 200.0
2021-11-22 16723.0 378.0 378.0 400.0 375.0 530.0 200.0
2021-11-23 12949.0 367.1 375.0 377.9 365.0 530.0 200.0
2021-11-24 15948.0 379.0 360.5 387.6 352.1 530.0 200.0
2021-11-25 10707.0 377.0 385.0 385.0 370.0 530.0 200.0
2021-11-28 17085.0 358.0 369.5 370.0 356.0 530.0 200.0
2021-11-29 15684.0 356.0 358.0 370.0 350.0 530.0 200.0
2021-11-30 17002.0 362.0 350.0 364.0 350.0 530.0 200.0
2021-12-01 10180.0 366.0 360.0 373.9 355.0 530.0 200.0
2021-12-02 30246.0 349.0 359.3 360.0 341.0 530.0 200.0
2021-12-05 16800.0 344.0 342.1 349.0 338.0 530.0 200.0
2021-12-06 18739.0 348.0 338.0 351.0 324.0 530.0 200.0
2021-12-07 16756.0 338.0 354.0 359.0 332.8 530.0 200.0
2021-12-08 14682.0 325.0 332.0 337.0 318.0 530.0 200.0
2021-12-09 8345.0 324.3 320.0 346.8 315.0 530.0 200.0
2021-12-12 19999.0 312.0 322.5 324.3 305.0 530.0 200.0
2021-12-13 15412.00 296.0 305.8 312.0 282.5 530.0 200.0
2021-12-14 9154.00 325.5 295.0 325.5 295.0 530.0 200.0
2021-12-15 25124.00 328.0 332.0 341.1 319.1 530.0 200.0
2021-12-16 6992.0 312.0 322.0 323.0 310.0 530.0 200.0
2021-12-20 13803.0 296.0 306.0 312.0 296.0 530.0 200.0
2021-12-21 8400.0 308.0 296.0 308.0 296.0 530.0 200.0
2021-12-22 21890.0 326.0 314.0 328.7 305.0 530.0 207.0
2021-12-23 18851.0 322.0 326.0 334.0 314.1 530.0 207.0
2021-12-26 15874.0 319.0 322.0 326.0 318.1 530.0 207.0
2021-12-27 19039.0 301.0 314.0 320.0 301.0 530.0 207.0
2021-12-28 9968.0 309.0 300.1 312.0 291.1 530.0 207.0
2021-12-29 7084.0 314.0 309.0 314.0 303.0 530.0 207.0
2022-01-02 2890.0 310.0 310.0 320.0 305.0 530.0 208.0
2022-01-03 8278.0 306.0 315.0 316.0 305.0 530.0 208.0
2022-01-04 13200.0 312.0 301.0 315.9 301.0 530.0 209.0
2022-01-05 28057.0 321.0 308.1 327.0 308.1 530.0 209.0
2022-01-06 13124.0 325.0 315.1 328.0 315.1 530.0 210.0
2022-01-09 43990.0 347.2 330.0 351.7 328.0 530.0 213.0
2022-01-10 70373.0 362.0 352.0 369.0 343.1 530.0 213.0
2022-01-11 35116.0 373.0 356.0 380.0 356.0 530.0 213.0
2022-01-12 34645.0 361.0 377.0 381.0 360.0 530.0 213.0
2022-01-13 33695.0 374.9 361.0 377.0 356.0 530.0 213.0
2022-01-16 43812.0 376.2 382.0 391.6 375.0 530.0 213.0
2022-01-17 79162.0 396.0 379.0 400.0 374.0 530.0 213.0
2022-01-18 68051.0 393.0 402.0 418.2 388.2 530.0 216.0
2022-01-19 37954.0 393.0 400.8 400.8 388.0 530.0 216.0
2022-01-20 31415.0 393.0 400.0 400.0 378.0 530.0 216.0
2022-01-23 31061.0 386.3 391.0 395.0 385.4 530.0 216.0
2022-01-24 47977.0 367.9 378.6 386.3 361.0 530.0 216.0
2022-01-25 28974.0 371.5 361.0 385.0 360.0 530.0 216.0
2022-01-26 14356.0 363.0 371.0 378.0 360.2 530.0 216.0
2022-01-27 14775.0 362.0 356.0 376.9 356.0 530.0 216.0
2022-01-30 83268.0 398.2 369.2 398.2 369.2 530.0 216.0
2022-01-31 110017.0 414.0 400.0 428.4 383.3 530.0 216.0
2022-02-01 97589.0 424.1 405.8 430.0 403.0 530.0 216.0
2022-02-03 94701.0 426.4 432.0 443.0 425.0 530.0 227.0
2022-02-06 53176.0 410.0 417.9 422.0 408.6 530.0 231.0
2022-02-07 27510.0 415.0 406.1 420.0 403.0 530.0 231.0
2022-02-09 35414.0 401.0 386.0 408.0 381.3 530.0 234.0
2022-02-10 17359.0 398.5 404.0 408.0 393.0 530.0 234.0
2022-02-13 30953.0 380.0 390.6 390.6 375.1 530.0 234.0
2022-02-14 28305.0 385.0 380.0 390.0 375.0 530.0 234.0
2022-02-15 32859.0 407.0 392.7 413.0 372.0 530.0 237.0
2022-02-16 18332.0 400.0 400.0 410.9 385.0 530.0 237.0
2022-02-17 17855.0 393.0 393.0 401.9 385.5 530.0 237.0
2022-02-20 27821.0 388.0 385.2 400.0 377.5 530.0 243.0
2022-02-21 18793.0 399.0 385.0 400.0 385.0 530.0 243.0
2022-02-22 26070.0 396.0 401.0 408.0 394.0 530.0 245.0
