2021-11-16 21300.0 10.02 10.0 10.15 10.0 19.34 9.4
2021-11-17 16950.0 10.0 10.02 10.1 9.99 19.34 9.4
2021-11-18 29900.0 9.89 10.0 10.1 9.89 19.34 9.4
2021-11-21 35045.0 9.87 10.08 10.08 9.87 19.34 9.4
2021-11-22 35050.0 10.05 10.0 10.05 9.84 19.34 9.4
2021-11-23 21889.0 10.0 10.25 10.25 9.84 19.34 9.4
2021-11-24 27150.0 9.82 10.19 10.19 9.8 19.34 9.4
2021-11-25 21900.0 9.75 10.01 10.09 9.75 19.34 9.4
2021-11-28 1650.0 9.89 9.8 9.89 9.8 19.34 9.4
2021-11-29 75900.0 9.76 9.77 10.1 9.76 19.34 9.4
2021-11-30 830.0 9.93 9.95 9.95 9.93 19.34 9.4
2021-12-01 13250.0 9.85 10.0 10.0 9.85 19.34 9.4
2021-12-02 94900.0 9.66 9.86 9.87 9.66 19.34 9.4
2021-12-05 157150.0 9.72 9.75 9.75 9.48 19.34 9.4
2021-12-06 21150.0 9.57 9.55 9.57 9.38 19.34 9.38
2021-12-07 182323.0 10.0 9.75 10.04 9.6 19.34 9.38
2021-12-08 179460.0 10.0 9.82 10.1 9.8 19.34 9.38
2021-12-09 163600.0 10.4 10.0 10.4 10.0 19.34 9.38
2021-12-12 44200.0 9.4 10.2 10.2 9.4 19.34 9.38
2021-12-13 54400.00 9.26 9.58 9.58 9.16 19.34 9.16
2021-12-14 4250.00 9.26 9.44 9.44 9.26 19.34 9.16
2021-12-15 133112.00 9.69 9.4 9.88 9.4 19.34 9.16
2021-12-16 76220.0 9.88 9.6 9.88 9.6 19.34 9.16
2021-12-20 130550.0 9.87 9.88 10.2 9.87 19.34 9.16
2021-12-21 330.0 10.05 10.06 10.06 10.05 19.34 9.16
2021-12-22 3300.0 9.95 10.19 10.19 9.9 19.34 9.16
2021-12-23 19700.0 9.95 9.96 9.97 9.95 19.34 9.16
2021-12-26 8600.0 9.8 9.8 9.8 9.79 19.34 9.16
2021-12-27 9500.0 9.66 9.71 9.71 9.66 19.34 9.16
2021-12-28 16950.0 9.61 9.84 9.84 9.61 19.34 9.16
2021-12-29 33350.0 9.55 9.6 9.7 9.55 19.34 9.16
2022-01-02 15050.0 9.74 9.74 9.93 9.74 19.34 9.16
2022-01-03 26700.0 10.1 9.92 10.1 9.6 19.34 9.16
2022-01-04 31425.0 10.21 10.0 10.21 9.9 19.34 9.16
2022-01-05 43100.0 9.85 10.01 10.05 9.85 19.34 9.16
2022-01-06 4600.0 10.0 10.03 10.03 10.0 19.34 9.16
2022-01-09 37600.0 10.0 9.81 10.19 9.81 19.34 9.16
2022-01-10 160149.0 10.07 10.11 10.11 10.0 19.34 9.16
2022-01-11 41116.0 10.11 10.07 10.2 10.07 19.34 9.16
2022-01-12 98500.0 10.12 10.15 10.3 10.11 19.34 9.16
2022-01-13 2830.0 10.12 10.04 10.12 10.04 19.34 9.16
2022-01-16 77014.0 10.2 10.07 10.32 10.07 19.34 9.16
2022-01-17 110735.0 10.39 10.39 10.8 10.21 19.34 9.16
2022-01-18 38800.0 10.5 10.4 10.58 10.39 19.34 9.16
2022-01-19 80960.0 10.37 10.5 10.68 10.37 19.34 9.16
2022-01-20 70300.0 10.6 10.2 10.6 10.2 19.34 9.16
2022-01-23 72950.0 10.5 10.45 10.6 10.4 19.34 9.16
2022-01-24 119700.0 10.23 10.3 10.41 10.13 19.34 9.16
2022-01-25 143188.0 10.29 10.3 10.43 10.24 19.34 9.16
2022-01-26 368800.0 10.4 10.48 10.5 10.32 19.34 9.16
2022-01-27 32200.0 10.45 10.55 10.55 10.38 19.34 9.16
2022-01-30 109935.0 10.6 10.6 10.61 10.55 19.34 9.16
2022-01-31 4000.0 10.6 10.6 10.63 10.6 19.34 9.16
2022-02-01 19300.0 10.72 10.6 10.72 10.6 19.34 9.16
2022-02-03 40690.0 10.65 10.51 10.72 10.51 19.34 9.16
2022-02-06 44850.0 10.7 10.44 10.7 10.44 19.34 9.16
2022-02-07 19836.0 10.79 10.62 10.79 10.62 19.34 9.16
2022-02-09 57000.0 10.59 10.69 10.74 10.59 19.34 9.16
2022-02-10 30600.0 10.71 10.38 10.71 10.38 19.34 9.16
2022-02-13 15600.0 10.7 10.53 10.7 10.5 19.34 9.16
2022-02-14 33500.0 10.75 10.53 10.75 10.53 19.34 9.16
2022-02-15 88850.0 11.0 10.75 11.0 10.75 19.34 9.16
2022-02-16 40300.0 10.92 11.17 11.17 10.92 19.34 9.16
2022-02-17 11000.0 11.0 10.99 11.1 10.99 19.34 9.16
2022-02-20 34100.0 10.67 11.0 11.0 10.61 19.34 9.16
2022-02-21 6974.0 10.67 10.55 10.67 10.55 19.34 9.16
2022-02-22 54785.0 11.0 10.8 11.0 10.58 19.34 9.16
