2021-08-03 45412.0 855.0 841.0 867.0 837.0 929.0 425.0 BULLISH BULLISH BULLISH 853.0 839.0 823.0 809.0 869.0 883.0 899.0
2021-08-04 42887.0 843.3 859.0 860.0 842.0 929.0 425.0 BEARISH BULLISH BULLISH 848.43 836.87 830.43 818.87 854.87 866.43 872.87
2021-08-05 51560.0 845.0 840.0 854.0 835.0 929.0 425.0 BEARISH BULLISH BULLISH 848.43 836.87 830.43 818.87 854.87 866.43 872.87
2021-08-09 37989.0 835.0 833.0 849.0 825.0 929.0 431.0 BEARISH BULLISH BULLISH 836.33 823.67 812.33 799.67 847.67 860.33 871.67
2021-08-12 347728.0 915.0 891.4 925.0 885.0 929.0 436.0 BULLISH BULLISH BULLISH 908.33 891.67 868.33 851.67 931.67 948.33 971.67
2021-08-15 135763.0 887.0 896.7 928.0 870.0 929.0 436.0 BULLISH BULLISH BULLISH 895.0 862.0 837.0 804.0 920.0 953.0 978.0
2021-08-16 65942.0 883.0 900.0 904.0 875.0 929.0 436.0 BEARISH BULLISH BULLISH 887.33 870.67 858.33 841.67 899.67 916.33 928.67
2021-08-17 80114.0 869.0 896.0 896.0 863.0 929.0 447.0 BEARISH BULLISH BULLISH 887.33 870.67 858.33 841.67 899.67 916.33 928.67
2021-08-18 89848.0 883.0 881.0 888.0 869.0 929.0 457.0 BEARISH BULLISH BULLISH 880.0 872.0 861.0 853.0 891.0 899.0 910.0
2021-08-19 296221.0 934.0 890.0 971.0 885.0 971.0 457.0 BULLISH BULLISH BULLISH 930.0 889.0 844.0 803.0 975.0 1016.0 1061.0
