2021-11-16 4653.0 2034.0 2005.0 2039.0 1985.2 2800.0 1575.0
2021-11-17 10119.0 2050.0 2034.0 2070.0 1975.0 2800.0 1575.0
2021-11-18 1512.0 2044.0 2010.0 2047.0 1981.1 2800.0 1575.0
2021-11-21 7159.0 2044.2 2048.0 2050.0 2004.0 2800.0 1600.0
2021-11-22 4197.0 2040.0 2005.5 2044.9 2005.0 2800.0 1600.0
2021-11-23 6670.0 2033.0 2010.1 2037.8 1976.0 2800.0 1600.0
2021-11-24 3004.0 2014.0 1992.4 2014.7 1965.0 2800.0 1608.0
2021-11-25 6277.0 2015.0 2014.0 2015.0 1980.0 2800.0 1608.0
2021-11-28 7647.0 1921.1 1975.0 2000.0 1920.0 2800.0 1640.0
2021-11-29 11947.0 1917.0 1920.0 1925.0 1848.0 2800.0 1640.0
2021-11-30 5513.0 1862.2 1881.0 1910.0 1843.0 2800.0 1698.0
2021-12-01 4496.0 1900.0 1863.0 1901.2 1845.0 2800.0 1796.2
2021-12-02 7322.0 1880.0 1870.0 1900.0 1843.0 2800.0 1796.2
2021-12-05 2836.0 1875.0 1845.0 1875.0 1840.0 2800.0 1796.2
2021-12-06 3562.0 1858.9 1837.5 1868.6 1811.0 2800.0 1796.2
2021-12-07 3555.0 1880.0 1866.0 1925.0 1822.0 2800.0 1796.2
2021-12-08 3591.0 1849.5 1845.0 1850.0 1811.0 2800.0 1796.2
2021-12-09 5751.0 1825.0 1847.9 1847.9 1790.0 2800.0 1790.0
2021-12-12 10212.0 1775.0 1803.0 1810.0 1753.0 2800.0 1753.0
2021-12-13 8549.00 1752.3 1741.0 1752.3 1700.0 2800.0 1700.0
2021-12-14 2547.00 1824.8 1750.0 1829.9 1750.0 2800.0 1700.0
2021-12-15 4620.00 1837.0 1788.4 1895.0 1788.4 2800.0 1700.0
2021-12-16 3732.0 1751.0 1800.3 1800.3 1751.0 2800.0 1700.0
2021-12-20 4480.0 1799.0 1745.0 1817.0 1740.0 2800.0 1700.0
2021-12-21 6324.0 1797.0 1833.0 1833.0 1740.0 2800.0 1700.0
2021-12-22 11709.0 1849.0 1790.0 1849.0 1789.0 2800.0 1700.0
2021-12-23 6703.0 1865.0 1880.9 1884.0 1791.0 2800.0 1700.0
2021-12-26 24129.0 2024.0 1902.0 2024.0 1870.0 2800.0 1700.0
2021-12-27 11422.0 1988.0 2063.0 2063.0 1911.2 2800.0 1700.0
2021-12-28 5040.0 1973.0 1948.3 1980.0 1930.0 2800.0 1700.0
2021-12-29 3287.0 1937.8 1934.0 1969.0 1920.2 2800.0 1700.0
2022-01-02 3495.0 1949.0 1969.0 1973.9 1930.0 2800.0 1700.0
2022-01-03 4318.0 1963.0 1950.0 1966.0 1931.0 2800.0 1700.0
2022-01-04 4077.0 1999.9 1961.0 1999.9 1951.0 2800.0 1700.0
2022-01-05 12268.0 2020.0 2033.0 2033.0 1964.2 2800.0 1700.0
2022-01-06 2418.0 2008.0 1980.0 2015.0 1980.0 2800.0 1700.0
2022-01-09 9174.0 2050.3 2047.0 2050.3 1988.0 2800.0 1700.0
2022-01-10 7863.0 2060.0 2040.0 2076.0 2000.0 2800.0 1700.0
2022-01-11 14216.0 2125.0 2065.0 2127.9 2060.0 2800.0 1700.0
2022-01-12 7201.0 2124.0 2130.0 2159.5 2077.6 2800.0 1700.0
2022-01-13 7026.0 2164.9 2124.0 2173.0 2090.0 2800.0 1700.0
2022-01-16 7167.0 2197.0 2200.0 2243.0 2171.0 2800.0 1700.0
2022-01-17 8832.0 2207.0 2195.0 2230.0 2175.0 2800.0 1700.0
2022-01-18 7152.0 2189.0 2171.0 2214.0 2163.0 2800.0 1700.0
2022-01-19 4466.0 2163.7 2151.0 2175.0 2146.0 2800.0 1700.0
2022-01-20 15642.0 2270.0 2170.0 2292.9 2150.0 2800.0 1700.0
2022-01-23 45346.0 2398.9 2299.0 2400.0 2270.0 2800.0 1700.0
2022-01-24 38050.0 2344.0 2399.0 2415.0 2302.0 2800.0 1700.0
2022-01-25 22195.0 2369.0 2385.0 2390.0 2300.0 2800.0 1700.0
2022-01-26 16285.0 2319.0 2389.0 2389.0 2286.1 2800.0 1700.0
2022-01-27 5783.0 2291.0 2319.0 2345.0 2286.0 2800.0 1700.0
2022-01-30 14468.0 2355.0 2336.0 2397.0 2336.0 2800.0 1700.0
2022-01-31 14692.0 2367.9 2385.0 2493.0 2342.0 2800.0 1700.0
2022-02-01 18113.0 2356.0 2400.0 2400.0 2330.0 2800.0 1700.0
2022-02-03 20975.0 2377.0 2400.0 2400.0 2326.0 2800.0 1700.0
2022-02-06 22134.0 2332.0 2400.0 2400.0 2315.0 2800.0 1700.0
2022-02-07 30923.0 2005.0 1982.1 2010.0 1946.0 2800.0 1700.0
2022-02-09 31678.0 2028.7 2018.0 2028.8 1980.0 2800.0 1700.0
2022-02-10 20123.0 2050.0 2026.0 2060.0 2005.0 2800.0 1700.0
2022-02-13 25295.0 2025.0 2009.0 2028.0 1969.0 2800.0 1700.0
2022-02-14 13194.0 2038.0 1987.0 2058.0 1987.0 2800.0 1700.0
2022-02-15 18447.0 2040.0 2036.5 2040.0 1990.0 2800.0 1700.0
2022-02-16 19873.0 2085.0 2021.0 2085.0 2002.0 2800.0 1700.0
2022-02-17 8088.0 2065.0 2050.0 2078.0 2021.0 2800.0 1700.0
2022-02-20 9361.0 2004.9 2023.7 2033.0 1990.0 2755.0 1700.0
2022-02-21 39575.0 1992.0 2005.0 2019.9 1988.0 2755.0 1700.0
2022-02-22 8656.0 1980.0 2010.0 2010.0 1980.0 2755.0 1700.0
