2021-11-16 2820.0 1628.0 1641.0 1660.1 1580.0 2574.0 1202.0
2021-11-17 1801.0 1600.0 1660.5 1660.5 1600.0 2574.0 1202.0
2021-11-18 3677.0 1591.0 1575.0 1632.0 1560.0 2574.0 1202.0
2021-11-21 1356.0 1600.0 1599.0 1622.0 1599.0 2574.0 1202.0
2021-11-22 1824.0 1595.0 1601.0 1618.0 1590.0 2574.0 1202.0
2021-11-23 1572.0 1575.0 1595.0 1595.0 1563.1 2574.0 1202.0
2021-11-24 1470.0 1575.0 1551.0 1580.0 1550.0 2574.0 1202.0
2021-11-25 1186.0 1575.0 1606.5 1606.5 1575.0 2574.0 1243.0
2021-11-28 2745.0 1495.0 1544.0 1544.0 1495.0 2574.0 1266.0
2021-11-29 328.0 1493.0 1495.0 1495.0 1467.0 2574.0 1266.0
2021-11-30 472.0 1475.0 1466.0 1475.0 1460.0 2574.0 1275.0
2021-12-01 302.0 1445.0 1504.5 1504.5 1445.0 2574.0 1275.0
2021-12-02 1491.0 1431.0 1435.0 1450.0 1431.0 2574.0 1320.0
2021-12-05 2717.0 1400.0 1410.0 1410.0 1380.0 2574.0 1320.0
2021-12-06 2197.0 1409.4 1400.0 1425.0 1376.5 2574.0 1320.0
2021-12-07 1793.0 1381.0 1410.0 1433.0 1381.0 2574.0 1320.0
2021-12-08 1291.0 1328.3 1381.0 1382.0 1328.3 2574.0 1324.0
2021-12-09 537.0 1344.9 1325.0 1352.0 1325.0 2574.0 1324.0
2021-12-12 1864.0 1297.0 1319.0 1320.0 1297.0 2574.0 1297.0
2021-12-13 2505.00 1216.0 1273.0 1274.0 1205.0 2574.0 1205.0
2021-12-14 647.00 1260.0 1240.0 1260.0 1225.0 2574.0 1205.0
2021-12-15 1669.00 1285.0 1285.2 1347.0 1260.0 2574.0 1205.0
2021-12-16 904.0 1301.0 1285.0 1305.0 1261.0 2574.0 1205.0
2021-12-20 712.0 1299.0 1327.0 1327.0 1290.0 2574.0 1205.0
2021-12-21 852.0 1310.0 1305.0 1348.0 1305.0 2574.0 1205.0
2021-12-22 1211.0 1345.0 1310.0 1349.0 1292.0 2574.0 1205.0
2021-12-23 2262.0 1400.0 1371.9 1410.0 1365.0 2574.0 1205.0
2021-12-26 1425.0 1449.0 1427.0 1453.0 1400.0 2574.0 1205.0
2021-12-27 772.0 1400.0 1477.9 1477.9 1400.0 2574.0 1205.0
2021-12-28 936.0 1414.0 1380.0 1420.0 1376.0 2574.0 1205.0
2021-12-29 898.0 1401.0 1414.0 1415.0 1401.0 2574.0 1205.0
2022-01-02 1668.0 1448.0 1410.0 1448.0 1400.0 2574.0 1205.0
2022-01-03 6666.0 1518.0 1420.0 1518.0 1420.0 2574.0 1205.0
2022-01-04 1994.0 1559.0 1490.0 1568.0 1490.0 2574.0 1205.0
2022-01-05 1275.0 1510.0 1564.0 1564.0 1495.0 2574.0 1205.0
2022-01-06 2139.0 1520.0 1510.0 1533.0 1486.0 2574.0 1205.0
2022-01-09 3225.0 1580.0 1550.0 1608.0 1530.0 2574.0 1205.0
2022-01-10 1499.0 1595.0 1605.0 1605.0 1577.0 2574.0 1205.0
2022-01-11 12795.0 1643.0 1600.0 1662.0 1582.0 2574.0 1205.0
2022-01-12 7180.0 1670.0 1645.0 1675.0 1620.0 2574.0 1205.0
2022-01-13 14903.0 1710.0 1638.0 1710.0 1637.0 2574.0 1205.0
2022-01-16 5031.0 1735.0 1723.0 1745.0 1700.0 2574.0 1205.0
2022-01-17 3837.0 1720.0 1701.0 1733.0 1700.0 2574.0 1205.0
2022-01-18 5763.0 1698.0 1747.0 1747.0 1685.1 2574.0 1205.0
2022-01-19 5133.0 1670.0 1699.0 1699.0 1669.0 2574.0 1205.0
2022-01-20 1473.0 1663.2 1670.0 1670.0 1646.0 2574.0 1205.0
2022-01-23 1101.0 1665.0 1696.0 1696.0 1664.0 2574.0 1205.0
2022-01-24 4356.0 1620.0 1635.0 1635.0 1590.0 2574.0 1205.0
2022-01-25 5546.0 1600.0 1587.6 1648.0 1557.0 2574.0 1205.0
2022-01-26 4307.0 1580.0 1600.0 1600.0 1550.0 2574.0 1205.0
2022-01-27 784.0 1579.9 1580.0 1580.0 1548.4 2574.0 1205.0
2022-01-30 940.0 1600.0 1611.0 1611.0 1580.0 2574.0 1205.0
2022-01-31 1368.0 1564.0 1620.0 1620.0 1564.0 2574.0 1205.0
2022-02-01 2642.0 1600.0 1551.0 1620.0 1550.0 2574.0 1205.0
2022-02-03 691.0 1588.0 1620.0 1629.2 1575.0 2574.0 1205.0
2022-02-06 1304.0 1573.0 1561.0 1574.0 1551.0 2574.0 1205.0
2022-02-07 340.0 1570.0 1575.0 1580.0 1560.0 2574.0 1205.0
2022-02-09 555.0 1535.0 1567.0 1567.0 1534.8 2574.0 1205.0
2022-02-10 912.0 1513.0 1535.0 1535.0 1505.0 2574.0 1205.0
2022-02-13 2730.0 1440.0 1482.8 1482.8 1438.0 2574.0 1205.0
2022-02-14 1535.0 1450.0 1468.8 1478.8 1431.0 2574.0 1205.0
2022-02-15 1847.0 1508.0 1477.0 1508.0 1441.0 2574.0 1205.0
2022-02-16 848.0 1495.0 1529.0 1529.0 1465.0 2574.0 1205.0
2022-02-17 917.0 1494.0 1494.0 1496.0 1466.1 2574.0 1205.0
2022-02-20 3106.0 1460.0 1468.0 1469.0 1439.0 2574.0 1205.0
2022-02-21 1277.0 1470.0 1479.0 1479.0 1443.2 2574.0 1205.0
2022-02-22 269.0 1471.0 1497.0 1499.3 1470.0 2574.0 1205.0
