2021-11-16 123600.0 10.03 10.0 10.03 9.85 16.0 9.0
2021-11-17 15100.0 10.01 10.0 10.03 9.92 16.0 9.0
2021-11-18 23700.0 10.0 9.83 10.03 9.83 16.0 9.0
2021-11-21 45350.0 9.92 10.0 10.0 9.81 16.0 9.0
2021-11-22 3100.0 9.92 9.84 9.92 9.84 16.0 9.0
2021-11-23 27550.0 9.84 9.81 9.85 9.81 16.0 9.0
2021-11-24 23070.0 9.77 9.69 9.9 9.69 16.0 9.0
2021-11-25 800.0 9.88 9.69 9.88 9.69 16.0 9.0
2021-11-28 4000.0 9.85 9.75 9.85 9.75 16.0 9.0
2021-11-29 42300.0 9.82 9.85 10.03 9.82 16.0 9.0
2021-11-30 5800.0 9.81 9.85 10.0 9.76 16.0 9.0
2021-12-01 4500.0 9.85 9.81 9.85 9.81 16.0 9.0
2021-12-02 89174.0 9.72 9.69 9.85 9.69 16.0 9.0
2021-12-05 62274.0 9.43 9.85 9.85 9.38 16.0 9.0
2021-12-06 31400.0 9.69 9.5 9.69 9.35 16.0 9.0
2021-12-07 18500.0 9.7 9.63 9.83 9.62 16.0 9.0
2021-12-08 14350.0 9.7 9.82 9.82 9.68 16.0 9.0
2021-12-09 13650.0 9.67 9.67 9.7 9.67 16.0 9.0
2021-12-12 31000.0 9.6 9.7 9.75 9.6 16.0 9.0
2021-12-13 55770.00 9.31 9.6 9.6 9.31 16.0 9.0
2021-12-14 3000.00 9.6 9.49 9.6 9.49 16.0 9.0
2021-12-15 600.00 9.51 9.6 9.6 9.51 16.0 9.0
2021-12-16 960.0 9.41 9.36 9.41 9.36 16.0 9.0
2021-12-20 30330.0 9.55 9.59 9.59 9.41 16.0 9.0
2021-12-21 6840.0 9.59 9.41 9.59 9.41 16.0 9.0
2021-12-22 1000.0 9.78 9.78 9.78 9.78 16.0 9.0
2021-12-23 19630.0 9.41 9.59 9.65 9.41 16.0 9.0
2021-12-26 44740.0 9.68 9.59 9.87 9.58 16.0 9.0
2021-12-27 17400.0 9.6 9.58 9.76 9.57 16.0 9.0
2021-12-28 2700.0 9.6 9.6 9.6 9.43 16.0 9.0
2021-12-29 39445.0 9.46 9.41 9.65 9.41 16.0 9.0
2022-01-02 2800.0 9.64 9.37 9.64 9.37 16.0 9.14
2022-01-03 34300.0 9.57 9.83 9.83 9.57 16.0 9.14
2022-01-04 37305.0 9.72 9.4 9.88 9.4 16.0 9.14
2022-01-05 51388.0 9.6 9.55 9.91 9.55 16.0 9.14
2022-01-06 7000.0 9.97 9.79 9.97 9.56 16.0 9.2
2022-01-09 39550.0 10.15 10.14 10.16 9.82 16.0 9.2
2022-01-10 12500.0 10.02 9.98 10.02 9.98 16.0 9.2
2022-01-11 9750.0 10.11 10.1 10.15 10.03 16.0 9.2
2022-01-12 58800.0 10.07 10.14 10.15 10.0 16.0 9.2
2022-01-13 12950.0 10.24 10.04 10.24 10.04 16.0 9.31
2022-01-16 21720.0 10.21 10.3 10.5 10.05 16.0 9.31
2022-01-17 62078.0 10.32 10.21 10.42 10.17 16.0 9.31
2022-01-18 43600.0 10.75 10.15 10.8 10.15 16.0 9.31
2022-01-19 20900.0 10.45 10.55 10.55 10.41 16.0 9.31
2022-01-20 12160.0 10.39 10.31 10.48 10.31 16.0 9.31
2022-01-23 45825.0 10.36 10.36 10.75 10.36 16.0 9.31
2022-01-24 86605.0 10.1 10.25 10.3 10.1 16.0 9.31
2022-01-25 38570.0 10.17 9.9 10.3 9.9 16.0 9.31
2022-01-26 41400.0 10.25 10.02 10.25 10.0 16.0 9.31
2022-01-27 32100.0 10.2 10.45 10.45 10.11 16.0 9.31
2022-01-30 10500.0 10.4 10.2 10.4 10.2 16.0 9.31
2022-01-31 4580.0 10.45 10.2 10.5 10.2 16.0 9.31
2022-02-01 7400.0 10.37 10.25 10.49 10.25 16.0 9.31
2022-02-03 20150.0 10.4 10.2 10.45 10.12 16.0 9.31
2022-02-06 106200.0 10.37 10.26 10.38 10.09 16.0 9.31
2022-02-07 56685.0 10.44 10.2 10.5 10.2 16.0 9.31
2022-02-09 71600.0 10.36 10.26 10.44 10.26 16.0 9.31
2022-02-10 40080.0 10.28 10.28 10.37 10.28 16.0 9.31
2022-02-13 48250.0 10.3 10.26 10.3 10.1 16.0 9.31
2022-02-14 16600.0 10.38 10.3 10.38 10.15 16.0 9.31
2022-02-15 73600.0 10.26 10.23 10.43 10.23 16.0 9.31
2022-02-16 24190.0 10.29 10.3 10.45 10.29 16.0 9.31
2022-02-17 17044.0 10.3 10.45 10.45 10.26 16.0 9.31
2022-02-20 21050.0 10.25 10.22 10.37 10.22 16.0 9.31
2022-02-21 13740.0 10.23 10.25 10.27 10.22 16.0 9.31
2022-02-22 11200.0 10.24 10.23 10.43 10.23 16.0 9.31
