2021-12-26 150.0 110.0 100.0 110.0 100.0 110.0 100.0
2021-12-27 184.0 121.0 112.2 121.0 112.2 121.0 100.0
2021-12-28 160.0 133.1 119.3 133.1 119.3 133.1 100.0
2021-12-29 137.0 146.4 135.7 146.4 135.7 146.4 100.0
2022-01-02 239.0 161.0 144.6 161.0 144.6 161.0 100.0
2022-01-03 217.0 177.1 164.2 177.1 164.2 177.1 100.0
2022-01-04 212.0 194.8 180.6 194.8 180.6 194.8 100.0
2022-01-05 315.0 214.2 198.6 214.2 198.6 214.2 100.0
2022-01-06 445.0 235.6 218.4 235.6 218.4 235.6 100.0
2022-01-09 609.0 259.1 240.3 259.1 240.3 259.1 100.0
2022-01-10 440.0 285.0 259.1 285.0 259.1 285.0 100.0
2022-01-11 556.0 313.5 290.7 313.5 290.7 313.5 100.0
2022-01-12 1630.0 344.8 309.6 344.8 309.6 344.8 100.0
2022-01-13 2675.0 379.2 351.6 379.2 351.6 379.2 100.0
2022-01-16 12392.0 417.1 386.7 417.1 386.7 417.1 100.0
2022-01-17 240409.0 458.8 425.4 458.8 425.4 458.8 100.0
2022-01-18 357427.0 496.0 467.9 503.0 441.0 503.0 100.0
2022-01-19 148537.0 477.0 505.0 505.0 472.0 505.0 100.0
2022-01-20 135601.0 479.0 475.0 480.0 458.7 505.0 100.0
2022-01-23 86480.0 470.0 488.0 488.0 465.9 505.0 100.0
2022-01-24 102924.0 455.0 465.0 470.0 450.1 505.0 100.0
2022-01-25 71995.0 447.0 455.0 461.0 440.0 505.0 100.0
2022-01-26 64379.0 437.0 440.0 451.2 435.0 505.0 100.0
2022-01-27 36998.0 441.0 432.0 452.0 432.0 505.0 100.0
2022-01-30 64363.0 461.0 449.0 466.0 446.0 505.0 100.0
2022-01-31 43054.0 448.1 470.0 479.0 448.0 505.0 100.0
2022-02-01 59724.0 455.0 441.0 463.0 441.0 505.0 100.0
2022-02-03 74742.0 451.0 455.0 466.0 451.0 505.0 100.0
2022-02-06 34341.0 445.8 450.0 452.1 445.0 505.0 100.0
2022-02-07 38037.0 450.0 440.1 450.0 440.0 505.0 100.0
2022-02-09 33968.0 436.3 438.0 441.0 433.1 505.0 100.0
2022-02-10 32370.0 431.0 430.0 447.7 430.0 505.0 100.0
2022-02-13 47777.0 409.0 425.0 425.0 407.0 505.0 100.0
2022-02-14 24853.0 406.0 401.0 419.1 401.0 505.0 100.0
2022-02-15 29078.0 422.0 405.0 423.1 400.2 505.0 100.0
2022-02-16 23013.0 409.0 422.0 423.0 408.1 505.0 100.0
2022-02-17 23187.0 418.0 409.0 418.4 403.3 505.0 100.0
2022-02-20 27972.0 410.0 409.7 416.2 397.0 505.0 100.0
2022-02-21 37810.0 414.0 410.0 420.0 405.1 505.0 100.0
2022-02-22 97982.0 427.0 405.8 440.0 405.8 505.0 100.0
