2021-11-16 38510.0 324.0 320.2 324.8 318.1 455.0 228.0
2021-11-17 49057.0 326.0 327.5 336.1 322.0 455.0 228.0
2021-11-18 57831.0 322.0 320.2 339.0 320.0 455.0 228.0
2021-11-21 22345.0 322.0 323.0 325.0 320.1 455.0 228.0
2021-11-22 27353.0 322.3 325.0 328.0 322.2 455.0 228.0
2021-11-23 36983.0 319.5 319.1 325.0 319.1 455.0 228.0
2021-11-24 19446.0 318.0 320.0 320.0 315.0 455.0 228.0
2021-11-25 51828.0 317.0 318.0 323.0 309.8 455.0 228.0
2021-11-28 55231.0 306.4 311.0 320.0 306.4 455.0 228.0
2021-11-29 73598.0 302.4 310.0 312.5 300.3 455.0 228.0
2021-11-30 59667.0 302.0 303.2 308.4 300.0 455.0 228.0
2021-12-01 33226.0 305.0 307.9 308.0 303.0 455.0 228.0
2021-12-02 52968.0 301.0 306.0 308.0 301.0 455.0 228.0
2021-12-05 70785.0 295.0 302.0 302.0 293.5 455.0 228.0
2021-12-06 59491.0 298.0 300.0 300.0 289.2 455.0 228.0
2021-12-07 17173.0 297.0 299.2 303.0 295.0 455.0 228.0
2021-12-08 35554.0 293.0 292.1 300.9 292.0 455.0 228.0
2021-12-09 19408.0 293.5 293.1 296.0 290.2 455.0 228.0
2021-12-12 74389.0 290.0 290.1 295.0 288.9 455.0 228.0
2021-12-13 95972.00 290.0 284.5 292.8 279.0 455.0 228.0
2021-12-14 38854.00 303.0 294.9 303.0 285.2 455.0 228.0
2021-12-15 140796.00 303.0 309.0 315.0 291.1 455.0 228.0
2021-12-16 63688.0 300.0 298.0 304.0 297.0 455.0 228.0
2021-12-20 92841.0 299.8 306.0 306.0 296.0 455.0 228.0
2021-12-21 58687.0 307.0 300.0 307.0 300.0 455.0 228.0
2021-12-22 68932.0 314.9 313.1 315.8 309.0 455.0 238.0
2021-12-23 88052.0 318.0 321.1 321.1 315.0 455.0 238.0
2021-12-26 89164.0 320.0 320.0 324.0 318.0 455.0 238.0
2021-12-27 61050.0 316.0 325.0 325.0 316.0 455.0 238.0
2021-12-28 41606.0 319.0 320.0 322.0 313.1 455.0 238.0
2021-12-29 58672.0 316.0 320.0 321.9 316.0 455.0 238.0
2022-01-02 114133.0 321.0 311.0 323.1 311.0 455.0 247.0
2022-01-03 200383.0 329.0 323.9 331.0 320.9 455.0 247.0
2022-01-04 153230.0 338.0 329.0 339.5 326.0 455.0 250.0
2022-01-05 95538.0 336.0 338.0 344.0 333.0 455.0 251.0
2022-01-06 104228.0 340.4 336.0 341.0 333.0 455.0 253.0
2022-01-09 250067.0 346.0 344.5 350.0 339.0 455.0 270.0
2022-01-10 138481.0 340.0 346.0 347.0 335.0 455.0 270.0
2022-01-11 101610.0 337.2 344.0 344.0 337.0 455.0 270.0
2022-01-12 117692.0 332.0 343.9 343.9 331.0 455.0 270.0
2022-01-13 78924.0 332.0 335.0 343.0 330.9 455.0 270.0
2022-01-16 129165.0 333.0 338.0 342.0 332.0 455.0 270.0
2022-01-17 90457.0 338.0 339.0 346.0 336.2 455.0 270.0
2022-01-18 282933.0 343.0 342.5 350.3 334.0 455.0 270.0
2022-01-19 75958.0 339.0 343.0 347.0 338.0 455.0 270.0
2022-01-20 64821.0 338.0 340.0 340.0 333.6 455.0 270.0
2022-01-23 167130.0 334.0 342.0 342.0 331.4 455.0 270.0
2022-01-24 138428.0 326.0 340.6 340.6 322.0 455.0 270.0
2022-01-25 87435.0 325.0 320.0 329.4 320.0 455.0 270.0
2022-01-26 48666.0 322.9 325.0 325.0 319.0 455.0 270.0
2022-01-27 48916.0 323.0 322.0 326.9 320.4 455.0 270.0
2022-01-30 75332.0 332.0 326.0 335.5 325.4 455.0 270.0
2022-01-31 58323.0 324.0 330.0 333.0 324.0 455.0 270.0
2022-02-01 89259.0 330.0 323.0 332.0 320.0 455.0 274.0
2022-02-03 87824.0 325.0 330.0 335.0 325.0 455.0 279.0
2022-02-06 48184.0 320.1 324.1 327.0 318.1 455.0 279.0
2022-02-07 43150.0 320.0 320.0 325.0 317.0 455.0 279.0
2022-02-09 31194.0 317.5 318.2 322.0 317.1 455.0 279.0
2022-02-10 68488.0 317.5 318.0 321.0 316.0 455.0 279.0
2022-02-13 100671.0 310.1 312.0 315.0 306.5 455.0 279.0
2022-02-14 62480.0 310.0 306.1 313.0 306.1 455.0 279.0
2022-02-15 38075.0 313.1 315.0 315.0 307.0 455.0 279.0
2022-02-16 39481.0 308.5 318.7 318.7 308.1 455.0 279.0
2022-02-17 72584.0 312.3 308.0 313.0 307.0 455.0 279.0
2022-02-20 51452.0 306.0 306.2 309.0 303.1 455.0 279.0
2022-02-21 55581.0 310.0 312.0 312.0 304.0 455.0 279.0
2022-02-22 43071.0 309.0 310.0 315.9 308.0 455.0 279.0
