2021-11-16 27788.0 670.0 660.0 678.0 647.0 873.2 314.0
2021-11-17 66572.0 655.0 670.0 683.0 654.7 873.2 314.0
2021-11-18 20490.0 639.0 652.0 658.9 639.0 873.2 314.0
2021-11-21 13643.0 640.0 626.3 651.5 626.3 873.2 314.0
2021-11-22 11357.0 643.0 649.0 651.0 639.0 873.2 314.0
2021-11-23 37937.0 645.0 635.0 645.0 620.0 873.2 314.0
2021-11-24 10605.0 638.0 632.1 647.0 621.0 873.2 314.0
2021-11-25 4959.0 640.0 638.0 649.0 630.7 873.2 314.0
2021-11-28 18485.0 618.0 628.0 633.0 606.0 873.2 314.0
2021-11-29 11649.0 612.0 620.0 621.0 597.0 873.2 314.0
2021-11-30 17068.0 595.0 623.0 623.0 582.0 873.2 314.0
2021-12-01 9144.0 608.0 586.0 619.0 586.0 873.2 314.0
2021-12-02 15263.0 579.9 598.0 600.0 576.1 873.2 314.0
2021-12-05 20707.0 560.0 570.1 585.9 548.0 873.2 314.0
2021-12-06 35630.0 568.0 571.0 572.2 516.0 873.2 314.0
2021-12-07 15752.0 541.0 579.3 586.0 540.0 873.2 314.0
2021-12-08 13534.0 527.0 549.5 549.5 513.0 873.2 314.0
2021-12-09 21023.0 514.9 518.0 524.1 499.0 873.2 314.0
2021-12-12 23083.0 477.3 509.6 509.6 477.3 873.2 314.0
2021-12-13 19215.00 453.0 468.0 477.8 442.1 873.2 314.0
2021-12-14 8884.00 497.7 462.0 497.7 460.0 873.2 314.0
2021-12-15 20622.00 509.0 507.6 536.5 487.0 873.2 314.0
2021-12-16 11874.0 482.0 501.0 510.8 482.0 873.2 314.0
2021-12-20 7810.0 468.0 482.0 487.0 465.0 873.2 314.0
2021-12-21 7476.0 485.1 477.0 486.5 472.0 873.2 314.0
2021-12-22 28398.0 525.0 494.0 525.0 490.0 873.2 314.0
2021-12-23 14862.0 526.0 527.0 534.0 507.0 873.2 314.0
2021-12-26 43352.0 521.0 525.0 525.0 509.0 873.2 314.0
2021-12-27 19476.0 518.2 521.0 530.0 496.0 873.2 314.0
2021-12-28 35434.0 502.0 507.9 518.0 494.3 873.2 314.0
2021-12-29 11070.0 448.8 434.3 451.9 434.3 873.2 314.0
2022-01-02 15567.0 457.0 451.0 457.0 440.0 873.2 320.0
2022-01-03 11624.0 470.0 450.0 477.4 450.0 873.2 320.0
2022-01-04 21181.0 490.0 478.0 490.0 460.6 873.2 320.0
2022-01-05 34491.0 498.0 492.0 517.4 485.0 873.2 320.0
2022-01-06 15831.0 504.0 488.1 504.0 478.4 873.2 320.0
2022-01-09 25393.0 531.4 514.0 531.4 503.0 873.2 320.0
2022-01-10 53492.0 555.0 542.0 559.9 532.0 873.2 320.0
2022-01-11 78608.0 605.0 548.0 605.0 546.0 873.2 320.0
2022-01-12 74199.0 585.0 606.0 617.0 576.5 873.2 320.0
2022-01-13 44990.0 594.0 574.0 595.5 574.0 873.2 320.0
2022-01-16 72009.0 599.0 600.0 609.0 595.0 873.2 320.0
2022-01-17 13715.0 593.0 592.0 604.9 590.0 873.2 320.0
2022-01-18 26073.0 584.0 584.0 599.0 575.0 873.2 320.0
2022-01-19 26638.0 569.0 595.6 595.6 558.0 873.2 320.0
2022-01-20 23805.0 585.0 560.0 588.0 558.0 873.2 320.0
2022-01-23 30333.0 576.0 596.7 605.0 564.0 873.2 320.0
2022-01-24 37271.0 556.0 572.0 572.0 545.6 873.2 320.0
2022-01-25 23541.0 548.0 556.0 566.0 544.9 873.2 320.0
2022-01-26 15952.0 537.0 554.0 555.0 530.0 873.2 320.0
2022-01-27 9486.0 535.6 547.0 547.0 535.1 873.2 320.0
2022-01-30 25868.0 570.0 546.0 570.0 546.0 873.2 320.0
2022-01-31 11671.0 560.0 572.0 575.0 558.0 873.2 320.0
2022-02-01 11373.0 562.1 559.0 569.0 551.0 873.2 320.0
2022-02-03 25063.0 559.0 570.0 576.9 559.0 873.2 320.0
2022-02-06 6763.0 546.0 548.0 559.0 545.0 873.2 320.0
2022-02-07 9727.0 549.0 550.0 555.0 540.0 873.2 320.0
2022-02-09 15569.0 536.0 536.0 536.0 523.0 873.2 320.0
2022-02-10 8019.0 527.3 536.0 537.0 525.0 873.2 320.0
2022-02-13 27560.0 497.9 516.8 520.0 495.0 873.2 320.0
2022-02-14 6984.0 500.2 490.0 507.0 490.0 873.2 320.0
2022-02-15 5813.0 515.0 507.0 517.0 501.1 873.2 320.0
2022-02-16 8805.0 505.0 510.0 525.0 505.0 873.2 320.0
2022-02-17 5917.0 513.7 500.0 513.7 500.0 873.2 320.0
2022-02-20 9379.0 500.0 513.7 513.7 495.1 873.2 320.0
2022-02-21 2888.0 501.0 505.0 508.0 500.0 873.2 320.0
2022-02-22 9434.0 512.0 510.0 517.0 505.1 873.2 320.0
