2021-11-16 74691.0 339.7 340.0 342.0 335.6 405.0 238.0
2021-11-17 121856.0 336.0 340.0 341.0 334.2 405.0 238.0
2021-11-18 77877.0 329.5 336.0 336.0 329.3 405.0 238.0
2021-11-21 36686.0 327.6 330.0 333.0 327.0 405.0 240.0
2021-11-22 58096.0 331.0 330.0 332.0 327.0 405.0 240.0
2021-11-23 69352.0 328.5 334.0 335.0 327.0 405.0 240.0
2021-11-24 44906.0 328.0 326.0 330.0 322.0 405.0 240.0
2021-11-25 61714.0 330.0 328.0 332.0 325.0 405.0 240.0
2021-11-28 75397.0 323.0 330.0 334.0 323.0 405.0 247.0
2021-11-29 121322.0 322.0 327.0 327.0 321.1 405.0 247.0
2021-11-30 152977.0 285.0 290.0 292.0 282.0 405.0 247.0
2021-12-01 46029.0 284.0 285.0 289.0 283.0 405.0 247.0
2021-12-02 67608.0 275.5 284.5 286.0 275.1 405.0 247.0
2021-12-05 66531.0 270.0 279.0 280.0 268.0 405.0 247.0
2021-12-06 76519.0 273.0 272.0 275.0 261.0 405.0 247.0
2021-12-07 66610.0 269.0 278.0 278.0 267.5 405.0 247.0
2021-12-08 66196.0 268.0 269.0 269.0 260.8 405.0 247.0
2021-12-09 46280.0 268.0 263.0 269.9 262.0 405.0 247.0
2021-12-12 65317.0 262.0 270.0 272.7 260.0 405.0 247.0
2021-12-13 97864.00 254.5 257.0 260.9 251.2 405.0 247.0
2021-12-14 58589.00 265.2 254.5 265.2 254.5 405.0 247.0
2021-12-15 71657.00 262.0 270.0 274.0 260.0 405.0 247.0
2021-12-16 40143.0 258.0 259.0 261.9 257.9 405.0 247.0
2021-12-20 63678.0 257.0 261.0 262.9 256.0 405.0 247.0
2021-12-21 93060.0 270.0 257.2 278.0 257.2 405.0 247.0
2021-12-22 103606.0 278.5 271.0 279.5 269.0 405.0 247.0
2021-12-23 108587.0 277.4 280.0 282.8 274.0 405.0 247.0
2021-12-26 82200.0 277.5 280.0 285.0 276.5 405.0 247.0
2021-12-27 354159.0 285.0 281.0 298.9 273.5 405.0 247.0
2021-12-28 63449.0 283.0 282.0 290.0 282.0 405.0 247.0
2021-12-29 60611.0 284.0 283.0 288.0 281.0 405.0 247.0
2022-01-02 68698.0 284.5 287.0 287.0 281.5 405.0 247.0
2022-01-03 276777.0 293.0 286.1 300.3 286.0 405.0 247.0
2022-01-04 161744.0 304.0 298.0 304.2 292.9 405.0 249.0
2022-01-05 110601.0 301.0 310.0 310.0 297.0 405.0 249.0
2022-01-06 89486.0 304.8 297.0 305.0 293.0 405.0 251.2
2022-01-09 157108.0 311.0 306.0 316.0 305.0 405.0 251.2
2022-01-10 106446.0 307.5 315.0 317.2 305.0 405.0 251.2
2022-01-11 87248.0 307.7 305.0 310.0 304.0 405.0 251.2
2022-01-12 134464.0 301.9 310.0 310.0 301.1 405.0 251.2
2022-01-13 80535.0 304.0 307.0 307.0 300.1 405.0 251.2
2022-01-16 193792.0 306.0 304.0 311.0 304.0 405.0 251.2
2022-01-17 140445.0 307.0 310.0 313.0 307.0 405.0 251.2
2022-01-18 304721.0 310.5 310.0 316.0 304.2 405.0 251.2
2022-01-19 110022.0 308.8 313.0 315.0 306.1 405.0 251.2
2022-01-20 88152.0 308.0 312.0 312.0 306.0 405.0 251.2
2022-01-23 127714.0 304.0 310.0 310.0 300.5 405.0 251.2
2022-01-24 162302.0 294.0 305.0 307.0 294.0 405.0 251.2
2022-01-25 75553.0 291.0 295.0 298.0 287.1 405.0 251.2
2022-01-26 76810.0 285.1 291.0 292.0 285.1 405.0 251.2
2022-01-27 79013.0 282.6 286.0 287.0 282.1 405.0 251.2
2022-01-30 69603.0 293.6 285.0 299.5 285.0 405.0 251.2
2022-01-31 43550.0 291.0 299.4 299.4 288.0 405.0 251.2
2022-02-01 69413.0 295.0 291.0 296.0 288.0 405.0 251.2
2022-02-03 122235.0 296.0 298.0 299.8 293.0 405.0 251.2
2022-02-06 59839.0 291.0 292.0 295.0 289.2 405.0 251.2
2022-02-07 38983.0 289.1 292.0 292.0 288.0 405.0 251.2
2022-02-09 72838.0 285.2 283.29 289.0 280.0 405.0 251.2
2022-02-10 55892.0 284.0 289.5 289.5 283.0 405.0 251.2
2022-02-13 91879.0 274.1 278.4 281.0 272.0 405.0 251.2
2022-02-14 71456.0 272.0 274.0 281.0 271.0 405.0 251.2
2022-02-15 61987.0 278.0 272.0 278.0 272.0 405.0 251.2
2022-02-16 31081.0 275.0 280.0 281.5 274.7 405.0 251.2
2022-02-17 31348.0 275.0 278.0 279.0 275.0 405.0 251.2
2022-02-20 64790.0 267.0 269.5 272.0 264.2 405.0 251.2
2022-02-21 52091.0 273.0 265.0 275.0 265.0 405.0 251.2
2022-02-22 41357.0 273.5 273.0 280.0 272.5 405.0 251.2
