2021-11-16 5147.0 1178.0 1150.0 1200.0 1107.0 1530.0 343.0
2021-11-17 13217.0 1225.0 1180.0 1259.0 1180.0 1530.0 343.0
2021-11-18 2430.0 1170.0 1200.5 1210.0 1170.0 1530.0 343.0
2021-11-21 1670.0 1190.0 1151.1 1193.4 1151.1 1530.0 343.0
2021-11-22 1890.0 1196.0 1169.0 1201.0 1168.0 1530.0 343.0
2021-11-23 2735.0 1168.0 1173.0 1173.0 1149.0 1530.0 343.0
2021-11-24 13985.0 1170.0 1191.0 1191.0 1123.0 1530.0 343.0
2021-11-25 3546.0 1168.0 1190.0 1190.0 1150.0 1530.0 343.0
2021-11-28 6141.0 1100.0 1146.0 1148.0 1087.8 1530.0 343.0
2021-11-29 1420.0 1096.0 1078.3 1121.7 1078.3 1530.0 343.0
2021-11-30 2427.0 1119.0 1090.0 1154.0 1070.0 1530.0 343.0
2021-12-01 1610.0 1100.0 1115.0 1137.0 1100.0 1530.0 343.0
2021-12-02 4405.0 1101.9 1105.0 1120.0 1075.0 1530.0 343.0
2021-12-05 4860.0 1065.0 1118.0 1118.0 1033.0 1530.0 343.0
2021-12-06 4490.0 1050.0 1085.9 1085.9 1007.0 1530.0 343.0
2021-12-07 4801.0 1055.0 1071.0 1071.0 1037.7 1530.0 343.0
2021-12-08 2515.0 1053.6 1035.0 1055.0 1010.9 1530.0 343.0
2021-12-09 3074.0 1013.1 1033.0 1053.6 1000.0 1530.0 343.0
