2021-11-16 3894.0 1431.0 1426.0 1438.0 1412.0 1989.0 760.0
2021-11-17 8742.0 1440.0 1458.0 1458.0 1440.0 1989.0 760.0
2021-11-18 15904.0 1444.0 1462.0 1468.8 1439.0 1989.0 760.0
2021-11-21 7910.0 1449.0 1472.0 1472.0 1446.0 1989.0 770.0
2021-11-22 9938.0 1452.0 1450.0 1463.0 1450.0 1989.0 770.0
2021-11-23 16729.0 1405.0 1452.0 1455.0 1405.0 1989.0 770.0
2021-11-24 30382.0 1440.0 1433.1 1449.0 1385.0 1989.0 770.0
2021-11-25 17686.0 1215.0 1224.0 1224.0 1200.0 1989.0 785.0
2021-11-28 18417.0 1165.0 1215.0 1215.0 1139.8 1989.0 799.0
2021-11-29 6621.0 1141.0 1159.0 1180.0 1141.0 1989.0 799.0
2021-11-30 4967.0 1125.0 1155.0 1155.0 1116.0 1989.0 810.0
2021-12-01 15227.0 1110.0 1147.5 1237.5 1097.6 1989.0 810.0
2021-12-02 8590.0 1095.2 1120.0 1201.3 1095.0 1989.0 810.0
2021-12-05 6591.0 1052.0 1082.0 1090.0 1050.0 1989.0 810.0
2021-12-06 14823.0 1157.2 1045.0 1157.2 1000.0 1989.0 810.0
2021-12-07 27234.0 1097.0 1180.3 1180.3 1068.2 1989.0 810.0
2021-12-08 18785.0 1045.0 1100.0 1100.0 1018.3 1989.0 840.0
2021-12-09 5933.0 1030.0 1027.0 1044.0 1015.0 1989.0 840.0
2021-12-12 17739.0 970.0 1049.0 1049.0 952.0 1989.0 866.0
2021-12-13 18340.00 900.0 950.6 974.9 878.1 1989.0 866.0
2021-12-14 6753.00 988.0 912.0 988.0 912.0 1989.0 874.0
2021-12-15 18656.00 970.0 1007.0 1049.0 955.5 1989.0 874.0
2021-12-16 6009.0 955.0 970.0 984.0 950.0 1989.0 874.0
2021-12-20 2897.0 948.0 950.0 969.0 946.0 1989.0 874.0
2021-12-21 8851.0 967.0 966.9 968.9 950.0 1989.0 874.0
2021-12-22 9368.0 1016.0 986.0 1025.0 976.0 1989.0 878.1
2021-12-23 9072.0 1005.0 1035.0 1035.0 1000.0 1989.0 878.1
2021-12-26 15408.0 1070.0 1025.0 1071.0 1023.1 1989.0 878.1
2021-12-27 15714.0 1030.0 1091.0 1100.0 1029.0 1989.0 878.1
2021-12-28 8288.0 1013.5 1014.0 1035.0 1010.0 1989.0 878.1
2021-12-29 4757.0 1035.0 1033.0 1054.0 1030.0 1989.0 878.1
2022-01-02 12952.0 1079.0 1035.0 1082.0 1030.0 1989.0 878.1
2022-01-03 17110.0 1130.0 1079.0 1142.0 1079.0 1989.0 878.1
2022-01-04 18097.0 1156.0 1130.0 1179.9 1113.0 1989.0 878.1
2022-01-05 15461.0 1128.0 1166.0 1170.0 1120.6 1989.0 878.1
2022-01-06 7692.0 1141.0 1120.0 1152.0 1087.0 1989.0 878.1
2022-01-09 8533.0 1158.0 1156.0 1172.0 1145.0 1989.0 878.1
2022-01-10 10602.0 1164.9 1160.0 1181.0 1148.0 1989.0 878.1
2022-01-11 20048.0 1221.0 1168.0 1260.0 1165.0 1989.0 878.1
2022-01-12 15892.0 1210.0 1245.0 1269.0 1189.8 1989.0 878.1
2022-01-13 18623.0 1275.0 1210.0 1276.0 1200.0 1989.0 878.1
2022-01-16 25151.0 1299.9 1300.0 1340.2 1265.1 1989.0 878.1
2022-01-17 13842.0 1300.0 1320.0 1320.0 1277.0 1989.0 878.1
2022-01-18 15526.0 1280.0 1300.0 1300.0 1260.0 1989.0 878.1
2022-01-19 12369.0 1247.0 1298.9 1298.9 1242.0 1989.0 878.1
2022-01-20 9040.0 1258.0 1240.0 1272.0 1223.0 1989.0 878.1
2022-01-23 7500.0 1255.0 1258.0 1280.0 1245.2 1989.0 878.1
2022-01-24 20399.0 1210.0 1232.0 1240.0 1190.0 1989.0 878.1
2022-01-25 14600.0 1185.0 1190.0 1235.0 1175.1 1989.0 878.1
2022-01-26 10301.0 1174.0 1180.0 1200.0 1151.0 1989.0 878.1
2022-01-27 9528.0 1177.0 1180.0 1197.0 1160.0 1989.0 878.1
2022-01-30 14636.0 1229.0 1190.0 1248.0 1190.0 1989.0 878.1
2022-01-31 11962.0 1228.0 1250.0 1255.0 1207.0 1989.0 878.1
2022-02-01 9655.0 1200.0 1230.0 1239.0 1200.0 1989.0 878.1
2022-02-03 13769.0 1199.0 1224.0 1232.0 1199.0 1989.0 878.1
2022-02-06 8975.0 1175.0 1200.0 1206.0 1175.0 1989.0 878.1
2022-02-07 4480.0 1190.0 1160.0 1194.0 1160.0 1989.0 878.1
2022-02-09 5299.0 1163.0 1175.0 1179.0 1155.1 1989.0 878.1
2022-02-10 6821.0 1140.0 1150.0 1165.0 1140.0 1989.0 878.1
2022-02-13 15487.0 1100.0 1119.0 1121.0 1083.0 1989.0 878.1
2022-02-14 6310.0 1080.0 1110.0 1122.0 1080.0 1989.0 878.1
2022-02-15 3402.0 1135.0 1101.0 1138.0 1086.0 1989.0 878.1
2022-02-16 14135.0 1117.0 1135.0 1160.0 1110.0 1989.0 878.1
2022-02-17 5246.0 1117.9 1100.1 1130.0 1100.1 1989.0 878.1
2022-02-20 7750.0 1100.0 1096.0 1112.0 1076.0 1989.0 878.1
2022-02-21 5728.0 1095.0 1122.0 1122.0 1083.0 1989.0 878.1
2022-02-22 8954.0 1110.0 1116.0 1116.0 1100.0 1989.0 878.1
