2021-11-16 30548.0 1106.7 1055.0 1106.7 1055.0 1456.0 319.0
2021-11-17 75291.0 1140.0 1110.0 1180.0 1109.0 1456.0 319.0
2021-11-18 125156.0 1180.0 1150.0 1200.0 1130.0 1456.0 319.0
2021-11-21 48609.0 1165.0 1180.0 1213.0 1162.0 1456.0 319.0
2021-11-22 31730.0 1148.0 1180.0 1188.0 1147.0 1456.0 319.0
2021-11-23 37349.0 1121.0 1148.0 1150.0 1107.0 1456.0 319.0
2021-11-24 30656.0 1131.0 1110.0 1140.0 1088.2 1456.0 319.0
2021-11-25 15438.0 1117.9 1121.0 1143.3 1111.0 1456.0 319.0
2021-11-28 40349.0 1068.0 1095.6 1110.0 1061.0 1456.0 319.0
2021-11-29 21488.0 1065.1 1050.0 1110.0 1048.0 1456.0 319.0
2021-11-30 26953.0 1070.0 1068.0 1090.0 1050.0 1456.0 319.0
2021-12-01 26171.0 1074.0 1090.0 1099.0 1074.0 1456.0 319.0
2021-12-02 26988.0 1050.0 1075.1 1088.0 1040.0 1456.0 319.0
2021-12-05 31688.0 1020.0 1035.0 1046.0 1002.0 1456.0 319.0
2021-12-06 69723.0 1050.0 1020.0 1060.0 990.0 1456.0 319.0
2021-12-07 44496.0 1035.0 1071.0 1080.0 1030.9 1456.0 319.0
2021-12-08 28911.0 1025.0 1015.3 1045.0 1015.0 1456.0 319.0
2021-12-09 34756.0 1033.0 1020.0 1040.0 1003.1 1456.0 319.0
2021-12-12 292390.0 1044.9 1079.0 1084.9 1035.0 1456.0 319.0
2021-12-13 108772.00 994.0 1044.0 1044.0 982.0 1456.0 319.0
2021-12-14 42688.00 1049.0 1012.0 1049.0 1010.0 1456.0 319.0
2021-12-15 103884.00 1013.0 1069.0 1090.3 1005.0 1456.0 319.0
2021-12-16 62948.0 990.9 1015.0 1015.0 990.0 1456.0 319.0
2021-12-20 72665.0 960.0 1009.0 1010.7 959.0 1456.0 319.0
2021-12-21 78482.0 965.0 965.0 985.0 952.0 1456.0 319.0
2021-12-22 69538.0 995.0 984.0 1004.0 969.6 1456.0 319.0
2021-12-23 87311.0 983.0 1000.0 1039.0 982.0 1456.0 319.0
2021-12-26 97254.0 986.0 1002.6 1019.0 982.0 1456.0 319.0
2021-12-27 87848.0 960.5 1003.0 1003.0 960.1 1456.0 319.0
2021-12-28 131774.0 944.0 959.5 970.0 938.0 1456.0 319.0
2021-12-29 236439.0 939.0 960.0 961.9 935.0 1456.0 319.0
2022-01-02 80735.0 650.0 671.0 680.0 635.1 1456.0 319.0
2022-01-03 35277.0 657.0 650.0 666.0 645.0 1456.0 319.0
2022-01-04 26798.0 657.1 660.0 665.0 652.0 1456.0 319.0
2022-01-05 46834.0 660.0 670.2 683.0 658.6 1456.0 319.0
2022-01-06 19995.0 664.0 650.0 673.0 650.0 1456.0 320.0
2022-01-09 46997.0 680.0 670.0 687.0 670.0 1456.0 326.0
2022-01-10 83335.0 712.0 693.0 722.0 693.0 1456.0 326.0
2022-01-11 91544.0 760.0 726.0 781.0 716.0 1456.0 326.0
2022-01-12 88481.0 749.0 765.0 789.4 745.0 1456.0 326.0
2022-01-13 61174.0 758.0 749.0 758.0 735.0 1456.0 330.0
2022-01-16 130015.0 816.0 773.0 817.0 773.0 1456.0 339.0
2022-01-17 68936.0 810.0 830.0 830.0 782.0 1456.0 339.0
2022-01-18 54324.0 785.0 820.0 820.0 783.0 1456.0 387.0
2022-01-19 50878.0 766.5 785.0 800.0 757.0 1456.0 387.0
2022-01-20 33760.0 779.9 766.5 781.0 755.0 1456.0 392.0
2022-01-23 77407.0 752.0 764.4 764.4 745.0 1456.0 392.0
2022-01-24 84255.0 710.0 740.0 749.9 697.0 1456.0 392.0
2022-01-25 52244.0 705.0 700.0 730.0 690.0 1456.0 400.0
2022-01-26 33243.0 687.5 705.0 710.0 675.0 1456.0 400.0
2022-01-27 28086.0 691.0 692.0 703.0 686.0 1456.0 400.0
2022-01-30 38501.0 743.5 704.8 750.0 704.8 1456.0 415.0
2022-01-31 29053.0 731.0 758.3 758.3 730.0 1456.0 415.0
2022-02-01 19291.0 732.0 731.0 744.0 722.0 1456.0 424.0
2022-02-03 27877.0 726.0 745.0 760.0 720.0 1456.0 424.0
2022-02-06 25923.0 706.0 726.0 726.0 704.0 1456.0 443.0
2022-02-07 21232.0 705.0 706.0 720.0 695.0 1456.0 443.0
2022-02-09 9021.0 702.0 710.0 710.0 702.0 1456.0 453.0
2022-02-10 24239.0 695.5 710.0 710.0 695.0 1456.0 453.0
2022-02-13 33060.0 667.0 695.0 695.0 666.0 1456.0 453.0
2022-02-14 18994.0 669.0 670.0 689.0 660.0 1456.0 453.0
2022-02-15 13118.0 677.1 672.0 682.0 672.0 1456.0 453.0
2022-02-16 11451.0 674.0 684.0 685.0 671.0 1456.0 453.0
2022-02-17 14192.0 670.0 675.0 680.0 670.0 1456.0 453.0
2022-02-20 16874.0 656.0 660.0 665.0 635.1 1456.0 453.0
2022-02-21 11895.0 660.0 665.0 665.0 656.0 1456.0 453.0
2022-02-22 20455.0 667.0 670.0 675.0 660.0 1456.0 453.0
