2021-11-16 25.0 995.0 995.0 995.0 995.0 1055.0 967.0
2021-11-24 25.0 999.0 999.0 999.0 999.0 1055.0 967.0
2021-12-07 25.0 979.1 979.1 979.1 979.1 1055.0 967.0
2021-12-21 150.0 975.0 974.9 975.0 974.9 1055.0 967.0
2021-12-23 100.0 975.1 975.1 975.1 975.1 1055.0 967.0
2021-12-26 25.0 973.1 973.1 973.1 973.1 1055.0 967.0
2021-12-29 50.0 969.4 970.0 970.0 969.4 1055.0 967.0
2022-01-02 25.0 980.0 980.0 980.0 980.0 1055.0 967.0
2022-01-04 45.0 993.0 981.0 993.0 981.0 1055.0 967.0
2022-01-05 25.0 995.0 995.0 995.0 995.0 1055.0 967.0
2022-01-09 50.0 1014.9 1014.9 1014.9 1014.9 1055.0 967.0
2022-01-10 25.0 995.0 995.0 995.0 995.0 1055.0 967.0
2022-01-11 295.0 1000.0 995.0 1010.0 995.0 1055.0 967.0
2022-01-12 50.0 989.0 989.0 989.0 989.0 1055.0 967.0
2022-01-16 50.0 969.3 969.3 969.3 969.3 1055.0 967.0
2022-01-17 25.0 950.0 950.0 950.0 950.0 1055.0 950.0
2022-01-18 175.0 938.1 938.2 939.0 938.1 1055.0 938.1
2022-01-24 25.0 938.0 938.0 938.0 938.0 1055.0 938.0
2022-01-26 10.0 930.0 930.0 930.0 930.0 1055.0 930.0
2022-01-30 515.0 900.0 931.0 949.0 900.0 1055.0 900.0
2022-02-03 25.0 918.0 918.0 918.0 918.0 1055.0 900.0
2022-02-06 50.0 936.3 936.3 936.3 936.3 1055.0 900.0
2022-02-10 100.0 911.7 913.1 913.1 911.7 1055.0 900.0
2022-02-21 25.0 900.0 900.0 900.0 900.0 1055.0 900.0
