2021-11-16 20388.0 487.0 468.0 492.0 463.3 720.0 173.0
2021-11-17 43534.0 500.0 496.7 526.0 496.7 720.0 173.0
2021-11-18 28751.0 479.9 510.0 510.0 477.0 720.0 173.0
2021-11-21 17903.0 490.0 485.0 499.8 480.0 720.0 173.0
2021-11-22 21474.0 485.2 499.0 504.5 485.1 720.0 173.0
2021-11-23 18972.0 471.5 479.0 485.0 462.0 720.0 173.0
2021-11-24 31622.0 480.0 463.0 499.8 451.0 720.0 173.0
2021-11-25 20387.0 486.0 480.0 500.0 480.0 720.0 173.0
2021-11-28 74102.0 459.0 476.3 480.0 442.0 720.0 173.0
2021-11-29 15223.0 458.0 460.0 480.0 451.1 720.0 173.0
2021-11-30 12539.0 465.1 467.0 470.0 450.0 720.0 173.0
2021-12-01 49420.0 483.0 467.0 489.0 467.0 720.0 173.0
2021-12-02 23735.0 466.0 475.0 487.0 461.0 720.0 173.0
2021-12-05 31581.0 441.0 457.1 465.0 440.0 720.0 173.0
2021-12-06 20088.0 455.0 433.0 466.0 420.0 720.0 173.0
2021-12-07 12972.0 436.0 464.1 467.9 436.0 720.0 173.0
2021-12-08 18757.0 415.0 431.0 444.5 411.6 720.0 173.0
2021-12-09 9152.0 416.5 410.0 438.0 404.0 720.0 173.0
2021-12-12 16614.0 394.0 415.0 415.0 381.3 720.0 173.0
2021-12-13 13078.00 367.0 386.2 395.0 364.0 720.0 173.0
2021-12-14 9495.00 403.7 374.0 403.7 368.0 720.0 173.0
2021-12-15 16945.00 410.0 411.7 438.6 391.0 720.0 173.0
2021-12-16 12784.0 385.0 402.1 410.0 385.0 720.0 173.0
2021-12-20 9955.0 376.0 378.0 387.0 373.5 720.0 173.0
2021-12-21 10946.0 399.0 383.5 403.0 378.1 720.0 173.0
2021-12-22 14868.0 420.0 406.0 423.4 406.0 720.0 173.0
2021-12-23 24283.0 426.0 427.8 432.3 414.0 720.0 173.0
2021-12-26 12268.0 422.0 427.0 433.0 414.0 720.0 173.0
2021-12-27 27206.0 398.0 420.0 423.0 397.7 720.0 173.0
2021-12-28 17919.0 406.0 400.0 410.0 390.1 720.0 173.0
2021-12-29 7181.0 401.0 397.9 412.0 397.9 720.0 173.0
2022-01-02 6716.0 407.0 407.0 420.0 401.1 720.0 177.0
2022-01-03 7478.0 409.0 414.9 425.0 407.0 720.0 177.0
2022-01-04 6302.0 417.0 410.0 420.0 410.0 720.0 177.0
2022-01-05 33739.0 423.2 409.0 439.0 409.0 720.0 177.0
2022-01-06 4299.0 430.0 414.9 434.0 414.9 720.0 184.0
2022-01-09 41985.0 467.0 438.0 467.0 438.0 720.0 184.0
2022-01-10 27492.0 465.0 475.0 484.0 455.0 720.0 184.0
2022-01-11 39025.0 482.0 465.0 482.0 460.0 720.0 184.0
2022-01-12 48897.0 465.0 474.0 493.9 463.5 720.0 184.0
2022-01-13 31776.0 508.9 474.3 508.9 462.0 720.0 184.0
2022-01-16 55455.0 508.0 519.0 529.0 500.0 720.0 184.0
2022-01-17 76362.0 530.0 498.1 531.3 493.1 720.0 184.0
2022-01-18 61876.0 530.0 530.1 551.3 511.0 720.0 187.0
2022-01-19 25908.0 526.0 540.0 540.0 517.0 720.0 187.0
2022-01-20 45537.0 540.0 536.5 545.0 525.0 720.0 187.0
2022-01-23 13363.0 525.5 549.0 549.0 525.0 720.0 202.0
2022-01-24 59192.0 485.0 526.0 526.0 482.0 720.0 202.0
2022-01-25 40717.0 493.0 478.0 512.0 477.1 720.0 202.0
2022-01-26 20547.0 488.0 502.8 502.8 474.1 720.0 202.0
2022-01-27 20998.0 497.0 496.0 504.0 488.0 720.0 202.0
2022-01-30 34749.0 524.0 506.9 527.0 506.9 720.0 202.0
2022-01-31 18083.0 506.0 534.4 534.4 505.1 720.0 202.0
2022-02-01 32379.0 515.0 516.1 529.0 504.0 720.0 203.0
2022-02-03 79292.0 516.0 525.0 536.0 511.0 720.0 208.0
2022-02-06 39787.0 516.0 510.0 526.0 509.0 720.0 208.0
2022-02-07 29786.0 518.0 513.0 524.0 510.0 720.0 208.0
2022-02-09 8881.0 503.0 509.0 509.0 495.4 720.0 208.0
2022-02-10 10021.0 495.0 500.0 513.0 494.0 720.0 208.0
2022-02-13 27512.0 467.0 486.0 487.0 467.0 720.0 208.0
2022-02-14 19955.0 478.0 476.0 494.1 467.5 720.0 208.0
2022-02-15 7836.0 500.0 487.0 500.0 476.0 720.0 208.0
2022-02-16 10366.0 489.8 510.0 510.0 476.7 720.0 208.0
2022-02-17 7545.0 488.9 499.5 499.5 479.0 720.0 208.0
2022-02-20 17439.0 486.9 498.6 498.6 470.0 720.0 208.0
2022-02-21 7097.0 496.0 496.6 496.6 480.0 720.0 208.0
2022-02-22 18156.0 497.0 505.9 509.9 496.0 720.0 208.0
