2021-11-16 20389.0 526.9 481.0 526.9 470.0 541.2 186.5
2021-11-17 18598.0 577.0 535.0 579.5 535.0 579.5 186.5
2021-11-18 13900.0 548.0 588.0 598.0 540.0 598.0 186.5
2021-11-21 9353.0 530.0 537.1 560.0 526.5 598.0 186.5
2021-11-22 4575.0 528.1 530.0 535.0 522.0 598.0 186.5
2021-11-23 5314.0 516.1 518.0 530.4 514.1 598.0 186.5
2021-11-24 19047.0 565.0 506.0 567.7 490.0 598.0 186.5
2021-11-25 9960.0 557.0 553.7 597.7 553.7 598.0 186.5
2021-11-28 11767.0 554.9 568.1 590.0 527.0 598.0 186.5
2021-11-29 7635.0 560.0 545.0 565.0 535.1 598.0 186.5
2021-11-30 8778.0 570.0 548.8 573.0 539.0 598.0 186.5
2021-12-01 7020.0 563.0 565.0 580.0 555.0 598.0 186.5
2021-12-02 4706.0 525.0 555.0 556.2 525.0 598.0 186.5
2021-12-05 7328.0 545.0 515.1 545.0 497.0 598.0 186.5
2021-12-06 6478.0 545.0 555.0 555.0 495.0 598.0 186.5
2021-12-07 7356.0 528.0 545.0 555.0 511.6 598.0 186.5
2021-12-08 5559.0 538.0 517.5 538.0 500.0 598.0 186.5
2021-12-09 3576.0 520.0 527.3 530.0 507.0 598.0 186.5
2021-12-12 6650.0 506.0 509.6 509.6 470.1 598.0 186.5
2021-12-13 5768.00 477.0 495.9 495.9 458.0 598.0 186.5
2021-12-14 9465.00 518.5 485.0 518.5 458.2 598.0 186.5
2021-12-15 14255.00 519.0 519.0 528.8 490.1 598.0 186.5
2021-12-16 4875.0 480.0 508.7 508.7 480.0 598.0 186.5
2021-12-20 7119.0 452.0 470.4 471.2 441.1 598.0 186.5
2021-12-21 8661.0 443.0 457.0 459.0 436.4 598.0 186.5
2021-12-22 4255.0 447.0 451.8 470.0 444.0 598.0 186.5
2021-12-23 6635.0 448.0 455.0 468.0 444.9 598.0 186.5
2021-12-26 4808.0 445.9 456.0 463.0 442.1 598.0 186.5
2021-12-27 4649.0 430.0 453.9 453.9 416.5 598.0 186.5
2021-12-28 5055.0 409.0 434.0 434.0 409.0 598.0 186.5
2021-12-29 4132.0 416.8 417.1 430.0 409.0 598.0 186.5
2022-01-02 1877.0 420.0 425.0 425.0 410.0 598.0 186.5
2022-01-03 2710.0 423.3 411.6 436.0 411.6 598.0 186.5
2022-01-04 3112.0 428.0 422.0 428.0 415.1 598.0 186.5
2022-01-05 10708.0 445.0 428.0 462.7 427.8 598.0 186.5
2022-01-06 7956.0 474.3 445.0 474.3 428.0 598.0 186.5
2022-01-09 12336.0 503.7 475.0 503.8 466.1 598.0 186.5
2022-01-10 4536.0 518.8 493.7 525.0 484.0 598.0 186.5
2022-01-11 5392.0 520.0 510.0 525.0 498.0 598.0 186.5
2022-01-12 23881.0 542.0 530.4 542.0 490.0 598.0 186.5
2022-01-13 7312.0 537.5 532.0 543.0 513.0 598.0 186.5
2022-01-16 12772.0 525.0 537.5 548.0 507.0 598.0 186.5
2022-01-17 11898.0 515.0 534.0 534.0 504.0 598.0 186.5
2022-01-18 9041.0 508.0 505.2 525.3 504.7 598.0 186.5
2022-01-19 8909.0 500.0 500.0 515.0 492.0 598.0 186.5
2022-01-20 35756.0 550.0 491.0 550.0 491.0 598.0 186.5
2022-01-23 45858.0 603.5 561.0 605.0 561.0 605.0 186.5
2022-01-24 24873.0 579.0 595.0 598.0 565.0 605.0 186.5
2022-01-25 17310.0 580.0 568.0 591.6 557.0 605.0 186.5
2022-01-26 13347.0 591.4 568.4 591.4 549.0 605.0 186.5
2022-01-27 10652.0 581.0 579.6 603.0 557.0 605.0 186.5
2022-01-30 34550.0 580.0 592.0 595.0 570.0 605.0 186.5
2022-01-31 12351.0 580.0 580.0 580.0 561.0 605.0 186.5
2022-02-01 33991.0 612.0 580.0 629.0 574.0 629.0 186.5
2022-02-03 39284.0 638.0 610.0 638.0 610.0 638.0 186.5
2022-02-06 26400.0 614.0 650.0 650.0 612.0 650.0 186.5
2022-02-07 12574.0 610.0 603.0 615.0 591.9 650.0 186.5
2022-02-09 8222.0 607.0 584.2 607.0 577.1 650.0 186.5
2022-02-10 5681.0 600.0 595.0 606.0 585.0 650.0 186.5
2022-02-13 9207.0 598.0 588.0 598.0 556.0 650.0 186.5
2022-02-14 2653.0 575.0 586.1 586.1 575.0 650.0 186.5
2022-02-15 4530.0 600.0 575.0 607.0 570.1 650.0 186.5
2022-02-16 4397.0 570.0 600.0 610.0 566.0 650.0 186.5
2022-02-17 12852.0 589.8 560.0 597.0 560.0 650.0 186.5
2022-02-20 17470.0 599.0 579.1 622.0 570.0 650.0 186.5
2022-02-21 13753.0 620.0 589.0 623.1 589.0 650.0 186.5
2022-02-22 32055.0 682.0 610.0 682.0 610.0 682.0 186.5
