2021-11-16 780.0 1829.0 1793.4 1866.6 1793.4 2310.0 296.7
2021-11-17 1365.0 1839.0 1840.0 1877.8 1815.1 2310.0 296.7
2021-11-18 3736.0 1815.0 1830.0 1875.6 1774.0 2310.0 296.7
2021-11-21 2470.0 1790.0 1800.0 1800.0 1764.0 2310.0 296.7
2021-11-22 760.0 1774.1 1756.0 1800.0 1740.0 2310.0 296.7
2021-11-23 1409.0 1734.0 1750.0 1772.0 1721.0 2310.0 296.7
2021-11-24 2225.0 1785.0 1699.4 1804.3 1699.0 2310.0 296.7
2021-11-25 900.0 1773.0 1750.0 1774.0 1735.0 2310.0 296.7
2021-11-28 1060.0 1737.6 1737.6 1780.0 1702.9 2310.0 296.7
2021-11-29 1054.0 1684.0 1705.0 1710.2 1670.0 2310.0 296.7
2021-11-30 1630.0 1688.0 1680.0 1710.0 1660.0 2310.0 296.7
2021-12-01 870.0 1685.0 1655.0 1685.0 1655.0 2310.0 296.7
2021-12-02 1419.0 1600.0 1660.0 1660.0 1600.0 2310.0 296.7
2021-12-05 680.0 1551.1 1600.0 1605.0 1551.1 2310.0 296.7
2021-12-06 990.0 1605.0 1521.0 1619.3 1521.0 2310.0 296.7
2021-12-07 720.0 1610.0 1637.1 1737.1 1600.0 2310.0 296.7
2021-12-08 705.0 1610.0 1610.0 1639.7 1548.0 2310.0 296.7
2021-12-09 929.0 1551.0 1577.8 1580.0 1546.3 2310.0 296.7
2021-12-12 1770.0 1505.0 1528.0 1535.0 1491.0 2310.0 296.7
2021-12-13 3078.00 1397.0 1475.0 1475.0 1355.0 2310.0 296.7
2021-12-14 665.00 1536.7 1424.9 1536.7 1399.9 2310.0 296.7
2021-12-15 6086.00 1500.0 1549.9 1679.7 1489.0 2310.0 296.7
2021-12-16 4185.0 1560.0 1530.0 1578.0 1486.0 2310.0 296.7
2021-12-20 588.0 1300.0 1306.7 1315.0 1290.0 2310.0 296.7
2021-12-21 507.0 1300.0 1326.0 1326.0 1290.1 2310.0 296.7
2021-12-22 3330.0 1360.0 1300.0 1370.0 1300.0 2310.0 296.7
2021-12-23 565.0 1335.0 1387.2 1387.2 1310.0 2310.0 296.7
2021-12-26 1002.0 1355.0 1361.0 1390.0 1336.0 2310.0 296.7
2021-12-27 1450.0 1321.0 1331.0 1384.0 1321.0 2310.0 296.7
2021-12-28 546.0 1315.0 1300.0 1323.1 1295.0 2310.0 296.7
2021-12-29 614.0 1325.0 1289.0 1374.2 1270.0 2310.0 296.7
2022-01-02 500.0 1327.5 1300.0 1377.0 1300.0 2310.0 296.7
2022-01-03 776.0 1397.0 1320.0 1397.0 1320.0 2310.0 296.7
2022-01-04 1340.0 1449.5 1380.0 1449.5 1362.0 2310.0 296.7
2022-01-05 649.0 1473.0 1449.5 1473.0 1391.0 2310.0 296.7
2022-01-06 3484.0 1510.0 1444.0 1588.6 1420.0 2310.0 296.7
2022-01-09 2602.0 1530.0 1540.0 1661.0 1480.1 2310.0 296.7
2022-01-10 2690.0 1500.0 1530.0 1530.0 1478.0 2310.0 296.7
2022-01-11 3078.0 1539.0 1500.0 1623.0 1473.3 2310.0 296.7
2022-01-12 1586.0 1536.0 1569.0 1590.0 1495.0 2310.0 296.7
2022-01-13 1540.0 1600.0 1540.0 1600.0 1506.0 2310.0 296.7
2022-01-16 3905.0 1559.0 1600.0 1600.0 1559.0 2310.0 296.7
2022-01-17 2945.0 1543.0 1560.0 1560.0 1515.0 2310.0 296.7
2022-01-18 1628.0 1535.0 1573.8 1573.8 1515.0 2310.0 296.7
2022-01-19 3270.0 1545.0 1505.0 1559.0 1495.0 2310.0 296.7
2022-01-20 575.0 1532.0 1540.0 1569.0 1491.3 2310.0 296.7
2022-01-23 750.0 1550.0 1505.0 1550.0 1482.5 2310.0 296.7
2022-01-24 630.0 1492.0 1519.0 1534.9 1470.0 2310.0 296.7
2022-01-25 1985.0 1498.8 1492.0 1500.0 1470.0 2310.0 296.7
2022-01-26 485.0 1489.0 1498.8 1528.7 1473.0 2310.0 296.7
2022-01-27 680.0 1504.5 1465.0 1504.5 1460.0 2310.0 296.7
2022-01-30 1600.0 1506.0 1530.0 1534.5 1499.4 2310.0 296.7
2022-01-31 1710.0 1504.0 1500.0 1510.0 1475.0 2310.0 296.7
2022-02-01 4807.0 1491.0 1474.0 1500.0 1464.0 2310.0 296.7
2022-02-03 4049.0 1487.9 1461.2 1487.9 1452.0 2310.0 296.7
2022-02-06 497.0 1449.0 1479.0 1479.0 1431.4 2310.0 296.7
2022-02-07 1219.0 1425.1 1439.0 1465.0 1425.0 2310.0 296.7
2022-02-09 1867.0 1419.0 1395.1 1448.2 1380.0 2310.0 296.7
2022-02-10 1100.0 1378.0 1447.0 1447.0 1378.0 2310.0 296.7
2022-02-13 1275.0 1366.0 1378.0 1380.0 1352.4 2310.0 296.7
2022-02-14 2000.0 1340.0 1366.0 1420.8 1340.0 2310.0 296.7
2022-02-15 340.0 1370.0 1350.0 1375.0 1330.0 2310.0 296.7
2022-02-16 465.0 1345.0 1343.0 1380.0 1335.0 2310.0 296.7
2022-02-17 1570.0 1320.0 1350.0 1369.0 1316.0 2310.0 296.7
2022-02-20 972.0 1309.0 1319.0 1325.0 1300.0 2310.0 296.7
2022-02-21 1800.0 1373.0 1309.0 1375.0 1309.0 2310.0 296.7
2022-02-22 2152.0 1361.0 1373.0 1405.0 1360.0 2310.0 296.7
