2021-11-16 1290.0 1985.0 1999.0 2035.0 1980.0 2540.0 912.0
2021-11-17 576.0 2025.0 1947.0 2029.0 1915.0 2540.0 912.0
2021-11-18 545.0 1975.0 1986.0 2065.5 1930.0 2540.0 912.0
2021-11-21 779.0 1940.0 2010.0 2010.0 1931.0 2540.0 952.0
2021-11-22 1316.0 1951.0 1901.2 2008.0 1901.2 2540.0 952.0
2021-11-23 941.0 1917.0 1990.0 1990.0 1877.1 2540.0 952.0
2021-11-24 743.0 1887.0 1955.3 1955.3 1872.0 2540.0 955.0
2021-11-25 371.0 1900.0 1851.1 1958.0 1851.1 2540.0 998.0
2021-11-28 656.0 1861.0 1862.0 1905.0 1847.0 2540.0 1002.0
2021-11-29 917.0 1880.0 1832.0 1902.0 1832.0 2540.0 1002.0
2021-11-30 404.0 1884.0 1915.8 1949.0 1881.1 2540.0 1002.0
2021-12-01 275.0 1900.0 1855.0 1960.0 1855.0 2540.0 1002.0
2021-12-02 1366.0 1849.0 1865.0 1901.0 1800.0 2540.0 1031.0
