2021-11-16 493830.0 823.0 750.0 825.0 735.0 883.0 225.0
2021-11-17 501124.0 762.0 806.6 806.6 759.3 883.0 225.0
2021-11-18 753041.0 740.0 746.9 838.0 740.0 883.0 225.0
2021-11-21 682071.0 740.0 754.8 800.8 725.2 883.0 225.0
2021-11-22 462197.0 740.0 754.0 765.0 740.0 883.0 225.0
2021-11-23 143579.0 721.1 740.0 748.0 712.0 883.0 225.0
2021-11-24 159977.0 717.0 707.0 730.0 705.1 883.0 225.0
2021-11-25 227434.0 703.0 713.0 729.0 699.0 883.0 225.0
2021-11-28 449129.0 652.0 689.0 696.0 643.5 883.0 225.0
2021-11-29 949154.0 617.4 665.0 691.8 605.3 883.0 225.0
2021-11-30 219049.0 650.0 629.0 659.9 623.0 883.0 225.0
2021-12-01 114361.0 648.0 663.0 663.0 640.0 883.0 225.0
2021-12-02 199585.0 620.0 660.0 660.0 611.0 883.0 225.0
2021-12-05 202465.0 602.0 620.0 627.0 598.0 883.0 225.0
2021-12-06 238826.0 622.2 602.0 622.3 582.0 883.0 225.0
2021-12-07 192974.0 599.0 634.6 634.6 598.0 883.0 225.0
2021-12-08 157397.0 577.0 599.0 603.5 575.0 883.0 225.0
2021-12-09 141310.0 571.0 566.0 588.0 565.0 883.0 225.0
2021-12-12 150432.0 537.5 567.1 570.0 537.0 883.0 225.0
2021-12-13 195086.00 517.0 526.8 547.0 510.0 883.0 225.0
2021-12-14 81936.00 565.0 524.0 568.0 519.0 883.0 225.0
2021-12-15 290221.00 559.9 576.0 599.0 545.0 883.0 225.0
2021-12-16 115214.0 535.3 559.0 565.0 534.0 883.0 225.0
2021-12-20 98322.0 526.8 546.0 546.0 519.0 883.0 225.0
2021-12-21 99591.0 547.0 537.3 550.0 530.0 883.0 225.0
2021-12-22 166291.0 574.0 547.0 576.0 547.0 883.0 229.0
2021-12-23 117797.0 572.0 580.0 584.0 563.1 883.0 229.0
2021-12-26 125310.0 574.0 583.4 583.4 570.0 883.0 229.0
2021-12-27 321653.0 564.4 585.0 589.0 555.0 883.0 229.0
2021-12-28 92721.0 458.0 470.3 470.3 449.0 883.0 229.0
2021-12-29 51340.0 446.1 458.0 460.0 446.0 883.0 229.0
2022-01-02 107893.0 466.0 450.0 467.0 442.0 883.0 232.0
2022-01-03 112151.0 470.0 466.0 487.5 458.0 883.0 232.0
2022-01-04 100327.0 499.0 466.1 502.9 466.0 883.0 237.0
2022-01-05 90540.0 483.0 507.0 507.0 480.0 883.0 237.0
2022-01-06 61001.0 486.1 473.5 492.4 473.4 883.0 237.0
2022-01-09 126342.0 513.5 495.0 515.0 495.0 883.0 255.0
2022-01-10 135045.0 512.0 520.0 528.0 503.0 883.0 255.0
2022-01-11 162028.0 538.0 512.0 541.9 510.0 883.0 258.0
2022-01-12 187528.0 521.0 548.0 548.0 517.0 883.0 258.0
2022-01-13 100168.0 535.1 521.0 540.0 515.0 883.0 258.0
2022-01-16 192025.0 560.0 545.0 565.0 545.0 883.0 258.0
2022-01-17 112722.0 552.0 569.0 569.9 548.0 883.0 258.0
2022-01-18 148338.0 536.0 560.0 560.0 527.0 883.0 258.0
2022-01-19 121353.0 522.3 531.0 544.0 514.0 883.0 258.0
2022-01-20 103782.0 548.9 532.7 549.0 515.5 883.0 258.0
2022-01-23 198937.0 547.0 559.8 580.0 540.5 883.0 258.0
2022-01-24 205029.0 520.0 547.0 547.0 515.1 883.0 258.0
2022-01-25 118614.0 520.0 530.4 533.5 510.6 883.0 258.0
2022-01-26 105900.0 510.0 509.6 526.0 504.7 883.0 258.0
2022-01-27 53245.0 508.6 520.0 520.1 505.0 883.0 258.0
2022-01-30 143131.0 545.0 518.0 545.5 518.0 883.0 258.0
2022-01-31 89001.0 532.2 555.9 555.9 532.0 883.0 258.0
2022-02-01 107861.0 542.0 529.1 548.0 529.1 883.0 258.0
2022-02-03 146006.0 538.0 552.0 554.8 533.0 883.0 258.0
2022-02-06 120823.0 525.0 530.0 537.0 524.0 883.0 258.0
2022-02-07 45194.0 529.0 524.0 530.8 517.1 883.0 258.0
2022-02-09 45328.0 515.0 525.0 525.0 510.1 883.0 258.0
2022-02-10 44261.0 514.0 512.2 522.0 512.2 883.0 258.0
2022-02-13 120488.0 490.0 503.8 508.0 488.1 883.0 258.0
2022-02-14 60906.0 490.0 487.0 507.0 481.0 883.0 258.0
2022-02-15 66410.0 504.0 499.0 504.6 484.0 883.0 258.0
2022-02-16 41466.0 495.0 500.1 509.0 490.0 883.0 258.0
2022-02-17 38226.0 490.1 504.0 504.0 490.0 883.0 258.0
2022-02-20 46348.0 481.0 480.3 489.0 470.7 883.0 258.0
2022-02-21 37144.0 485.0 488.6 489.0 478.0 883.0 258.0
2022-02-22 41506.0 492.0 494.0 503.0 490.0 883.0 258.0
