2021-11-16 50.0 1235.9 1146.0 1235.9 1146.0 1235.9 397.5
2021-11-17 101.0 1359.4 1260.6 1359.4 1260.6 1359.4 397.5
2021-11-18 189.0 1495.3 1386.5 1495.3 1386.5 1495.3 397.5
2021-11-21 370.0 1644.8 1525.2 1644.8 1525.2 1644.8 397.5
2021-11-22 900.0 1809.2 1677.0 1809.2 1677.0 1809.2 397.5
2021-11-23 1310.0 1990.1 1845.3 1990.1 1845.3 1990.1 397.5
2021-11-24 26187.0 1999.0 2029.9 2189.1 1985.0 2189.1 397.5
2021-11-25 10621.0 1860.5 2005.0 2005.0 1851.0 2189.1 397.5
2021-11-28 11732.0 1710.0 1823.3 1823.3 1675.0 2189.1 397.5
2021-11-29 4964.0 1630.0 1676.0 1677.0 1618.0 2189.1 397.5
2021-11-30 1831.0 1720.0 1630.0 1720.0 1605.0 2189.1 397.5
2021-12-01 1430.0 1690.0 1720.0 1720.0 1666.0 2189.1 397.5
2021-12-02 2460.0 1630.0 1661.0 1680.0 1621.2 2189.1 397.5
2021-12-05 4205.0 1553.0 1630.0 1630.0 1525.0 2189.1 397.5
2021-12-06 2350.0 1600.0 1525.0 1640.0 1500.0 2189.1 397.5
2021-12-07 1981.0 1550.0 1600.0 1605.0 1520.1 2189.1 397.5
2021-12-08 1400.0 1518.0 1540.0 1540.0 1470.0 2189.1 397.5
2021-12-09 860.0 1468.1 1510.0 1510.0 1466.2 2189.1 397.5
2021-12-12 1740.0 1400.1 1421.0 1451.5 1400.0 2189.1 397.5
2021-12-13 2799.00 1280.0 1372.1 1372.1 1266.0 2189.1 397.5
2021-12-14 970.00 1400.0 1300.0 1408.0 1300.0 2189.1 397.5
2021-12-15 2638.00 1470.0 1428.0 1510.0 1428.0 2189.1 397.5
2021-12-16 1300.0 1401.0 1470.0 1470.0 1384.8 2189.1 397.5
2021-12-20 1500.0 1370.0 1429.0 1429.0 1370.0 2189.1 397.5
2021-12-21 670.0 1370.0 1350.0 1370.0 1343.0 2189.1 397.5
2021-12-22 929.0 1390.0 1350.0 1474.9 1346.0 2189.1 397.5
2021-12-23 1170.0 1385.0 1370.0 1414.0 1370.0 2189.1 397.5
2021-12-26 790.0 1385.0 1386.0 1400.0 1359.0 2189.1 397.5
2021-12-27 1205.0 1340.0 1385.0 1408.0 1340.0 2189.1 397.5
2021-12-28 816.0 1335.0 1335.0 1393.3 1309.1 2189.1 397.5
2021-12-29 1398.0 1314.0 1322.0 1347.0 1309.0 2189.1 397.5
2022-01-02 1120.0 1340.0 1314.0 1375.0 1290.0 2189.1 397.5
2022-01-03 850.0 1361.0 1366.8 1421.0 1330.0 2189.1 397.5
2022-01-04 1138.0 1390.0 1388.2 1399.0 1337.0 2189.1 397.5
2022-01-05 930.0 1390.0 1390.0 1446.0 1361.0 2189.1 397.5
2022-01-06 960.0 1388.0 1363.0 1400.0 1363.0 2189.1 397.5
2022-01-09 2681.0 1400.0 1388.0 1437.0 1388.0 2189.1 397.5
2022-01-10 1050.0 1400.0 1395.0 1415.0 1381.0 2189.1 397.5
2022-01-11 5380.0 1500.0 1400.0 1540.0 1400.0 2189.1 397.5
2022-01-12 5859.0 1530.0 1515.0 1616.0 1500.0 2189.1 397.5
2022-01-13 3540.0 1600.0 1530.0 1600.0 1522.0 2189.1 397.5
2022-01-16 4063.0 1655.0 1600.0 1695.0 1600.0 2189.1 397.5
2022-01-17 2350.0 1621.0 1656.0 1685.0 1600.0 2189.1 397.5
2022-01-18 4705.0 1540.0 1590.0 1653.0 1539.0 2189.1 397.5
2022-01-19 3221.0 1538.0 1541.3 1565.0 1535.0 2189.1 397.5
2022-01-20 2935.0 1550.0 1522.0 1600.0 1516.2 2189.1 397.5
2022-01-23 1307.0 1535.0 1540.0 1581.0 1530.0 2189.1 397.5
2022-01-24 1569.0 1470.0 1515.0 1515.0 1469.0 2189.1 397.5
2022-01-25 1413.0 1462.0 1450.0 1485.0 1441.0 2189.1 397.5
2022-01-26 1441.0 1400.0 1435.0 1450.0 1400.0 2189.1 397.5
2022-01-27 730.0 1453.0 1428.0 1460.0 1406.0 2189.1 397.5
2022-01-30 2751.0 1550.0 1482.0 1590.0 1482.0 2189.1 397.5
2022-01-31 1940.0 1572.2 1580.0 1600.0 1530.0 2189.1 397.5
2022-02-01 1251.0 1560.0 1570.9 1571.9 1531.0 2189.1 397.5
2022-02-03 2875.0 1520.0 1535.0 1561.0 1520.0 2189.1 397.5
2022-02-06 1020.0 1500.0 1489.6 1500.0 1477.0 2189.1 397.5
2022-02-07 903.0 1490.0 1471.0 1500.0 1471.0 2189.1 397.5
2022-02-09 990.0 1450.0 1432.0 1455.0 1426.0 2189.1 397.5
2022-02-10 570.0 1432.0 1430.0 1458.0 1430.0 2189.1 397.5
2022-02-13 1975.0 1372.0 1403.5 1420.0 1372.0 2189.1 397.5
2022-02-14 585.0 1390.0 1370.0 1405.0 1370.0 2189.1 397.5
2022-02-15 860.0 1420.0 1369.0 1420.0 1369.0 2189.1 397.5
2022-02-16 468.0 1422.0 1421.0 1447.0 1402.0 2189.1 397.5
2022-02-17 1135.0 1400.0 1422.0 1425.0 1394.0 2189.1 397.5
2022-02-20 770.0 1382.0 1399.0 1410.0 1349.0 2189.1 397.5
2022-02-21 1356.0 1385.5 1400.0 1430.0 1380.0 2189.1 397.5
2022-02-22 1260.0 1403.0 1380.0 1425.0 1380.0 2189.1 397.5
