2021-08-03 8567.0 5300.0 5200.0 5350.0 5151.0 5749.0 438.0 BULLISH BULLISH - 5267.0 5184.0 5068.0 4985.0 5383.0 5466.0 5582.0
2021-08-04 7121.0 5256.0 5406.0 5600.0 5225.0 5749.0 438.0 BULLISH BULLISH - 5360.33 5120.67 4985.33 4745.67 5495.67 5735.33 5870.67
2021-08-05 2609.0 5185.0 5178.0 5250.0 5151.1 5749.0 438.0 BULLISH BULLISH - 5360.33 5120.67 4985.33 4745.67 5495.67 5735.33 5870.67
2021-08-09 3464.0 5000.0 4950.0 5010.0 4925.0 5749.0 438.0 BEARISH BEARISH - 4978.33 4946.67 4893.33 4861.67 5031.67 5063.33 5116.67
2021-08-12 7454.0 4917.0 4940.0 5000.0 4884.0 5749.0 438.0 BEARISH BEARISH - 4933.67 4867.33 4817.67 4751.33 4983.33 5049.67 5099.33
2021-08-15 2380.0 4945.0 5015.3 5100.0 4895.0 5749.0 438.0 BEARISH BEARISH - 4980.0 4860.0 4775.0 4655.0 5065.0 5185.0 5270.0
2021-08-16 2120.0 4960.0 5043.0 5100.0 4950.0 5749.0 438.0 BULLISH BEARISH - 5003.33 4906.67 4853.33 4756.67 5056.67 5153.33 5206.67
2021-08-17 2238.0 5009.0 4980.0 5020.0 4911.0 5749.0 438.0 BULLISH BEARISH - 5003.33 4906.67 4853.33 4756.67 5056.67 5153.33 5206.67
2021-08-18 5122.0 5000.0 5000.0 5012.0 4950.0 5749.0 438.0 BULLISH BEARISH - 4987.33 4962.67 4925.33 4900.67 5024.67 5049.33 5086.67
2021-08-19 1763.0 4965.0 4999.0 5020.0 4955.0 5749.0 438.0 BEARISH BEARISH - 4980.0 4940.0 4915.0 4875.0 5005.0 5045.0 5070.0
