2021-11-18 62154.0 9.66 10.0 10.0 9.5 10.0 9.5
2021-11-21 53970.0 9.7 9.5 9.85 9.34 10.0 9.34
2021-11-22 39350.0 9.61 9.89 10.28 9.6 10.28 9.34
2021-11-23 23150.0 9.67 9.61 9.67 9.46 10.28 9.34
2021-11-24 29960.0 9.64 9.48 9.64 9.45 10.28 9.34
2021-11-25 38910.0 9.7 9.45 9.71 9.3 10.28 9.3
2021-11-28 22700.0 9.55 9.51 9.55 9.32 10.28 9.3
2021-11-29 27571.0 9.36 9.36 9.5 9.11 10.28 9.11
2021-11-30 11700.0 9.4 9.21 9.48 9.21 10.28 9.11
2021-12-01 30549.0 9.3 9.4 9.58 9.2 10.28 9.11
2021-12-02 35100.0 9.23 9.2 9.38 9.2 10.28 9.11
2021-12-05 45600.0 9.15 9.15 9.25 9.1 10.28 9.1
2021-12-06 32950.0 9.1 9.1 9.2 8.95 10.28 8.95
2021-12-07 35030.0 9.15 9.0 9.18 9.0 10.28 8.95
2021-12-08 43700.0 9.0 9.15 9.3 9.0 10.28 8.95
2021-12-09 9600.0 9.03 8.91 9.3 8.91 10.28 8.91
