2021-11-16 1395.0 1610.0 1615.0 1620.0 1590.0 2095.0 885.0
2021-11-17 2464.0 1607.0 1610.0 1625.0 1607.0 2095.0 885.0
2021-11-18 3932.0 1580.6 1639.1 1639.1 1580.6 2095.0 885.0
2021-11-21 1878.0 1580.0 1580.0 1599.0 1580.0 2095.0 895.0
2021-11-22 1612.0 1570.0 1580.0 1580.0 1550.0 2095.0 895.0
2021-11-23 2361.0 1538.0 1547.0 1550.0 1523.1 2095.0 895.0
2021-11-24 3757.0 1530.0 1510.0 1530.0 1498.0 2095.0 895.0
2021-11-25 1684.0 1516.1 1530.0 1545.0 1511.0 2095.0 895.0
2021-11-28 5932.0 1460.0 1486.0 1509.5 1450.5 2095.0 901.0
2021-11-29 1386.0 1458.0 1437.1 1489.0 1437.1 2095.0 901.0
2021-11-30 1098.0 1463.0 1480.0 1480.0 1462.0 2095.0 901.0
2021-12-01 735.0 1469.0 1464.0 1470.0 1458.0 2095.0 901.0
2021-12-02 2508.0 1435.0 1443.2 1443.2 1430.0 2095.0 901.0
2021-12-05 4725.0 1410.0 1435.0 1435.0 1390.0 2095.0 901.0
2021-12-06 2594.0 1434.0 1385.1 1437.0 1382.3 2095.0 901.0
2021-12-07 1023.0 1421.0 1455.0 1459.9 1421.0 2095.0 901.0
2021-12-08 2035.0 1407.0 1445.0 1449.0 1401.0 2095.0 901.0
2021-12-09 1229.0 1400.0 1400.0 1414.0 1397.0 2095.0 901.0
