2021-11-16 53416.0 729.0 736.9 736.9 713.5 850.0 315.0
2021-11-17 92039.0 727.0 729.0 741.0 725.0 850.0 315.0
2021-11-18 63986.0 715.9 725.0 733.0 715.0 850.0 315.0
2021-11-21 27797.0 714.0 715.9 727.0 712.0 850.0 315.0
2021-11-22 53642.0 711.0 728.0 728.0 707.1 850.0 315.0
2021-11-23 54959.0 699.0 711.0 714.0 696.0 850.0 315.0
2021-11-24 56649.0 704.0 699.0 711.0 685.0 850.0 315.0
2021-11-25 49431.0 695.0 711.0 715.0 694.0 850.0 315.0
2021-11-28 96723.0 672.0 687.0 697.0 666.0 850.0 315.0
2021-11-29 77069.0 666.0 685.0 690.0 661.0 850.0 315.0
2021-11-30 111407.0 672.1 678.0 680.0 666.1 850.0 315.0
2021-12-01 111382.0 558.0 569.7 575.0 557.0 850.0 315.0
2021-12-02 71321.0 533.0 555.0 561.0 527.0 850.0 315.0
2021-12-05 93752.0 500.0 532.0 532.0 500.0 850.0 315.0
2021-12-06 91114.0 510.0 500.0 515.0 480.0 850.0 315.0
2021-12-07 64020.0 507.0 520.0 534.0 505.0 850.0 315.0
2021-12-08 46602.0 493.5 505.0 512.0 492.0 850.0 315.0
2021-12-09 42832.0 493.0 494.0 500.8 484.0 850.0 315.0
2021-12-12 63414.0 460.0 495.0 495.0 460.0 850.0 315.0
2021-12-13 82877.00 447.0 450.8 468.0 430.0 850.0 315.0
2021-12-14 30276.00 484.0 453.9 484.0 450.0 850.0 315.0
2021-12-15 98353.00 495.0 493.0 523.0 476.0 850.0 315.0
2021-12-16 37932.0 484.0 503.0 503.0 480.0 850.0 315.0
2021-12-20 25936.0 470.7 493.6 493.6 463.0 850.0 315.0
2021-12-21 24016.0 485.0 480.0 487.3 472.0 850.0 315.0
2021-12-22 52433.0 503.5 494.7 507.0 490.0 850.0 315.0
2021-12-23 57937.0 499.0 513.5 513.5 490.0 850.0 315.0
2021-12-26 68510.0 509.0 507.9 515.0 500.0 850.0 315.0
2021-12-27 80363.0 493.0 512.0 513.0 492.1 850.0 315.0
2021-12-28 30685.0 497.0 502.8 502.8 484.2 850.0 315.0
2021-12-29 17723.0 495.0 498.0 502.0 494.0 850.0 315.0
2022-01-02 47768.0 510.0 504.9 512.0 495.0 850.0 337.0
2022-01-03 36360.0 515.0 520.2 524.0 510.0 850.0 337.0
2022-01-04 82464.0 530.0 515.0 532.0 510.0 850.0 345.0
2022-01-05 83036.0 528.0 530.0 547.8 522.5 850.0 345.0
2022-01-06 48131.0 536.0 525.0 536.0 525.0 850.0 345.0
2022-01-09 85089.0 565.1 545.0 570.0 540.1 850.0 353.0
2022-01-10 77678.0 566.0 575.0 586.0 560.0 850.0 353.0
2022-01-11 78332.0 576.0 570.0 580.0 567.0 850.0 367.0
2022-01-12 92532.0 560.0 582.0 587.0 555.0 850.0 367.0
2022-01-13 64826.0 579.2 560.0 579.5 550.1 850.0 367.0
2022-01-16 84669.0 590.1 590.7 603.0 585.5 850.0 367.0
2022-01-17 52050.0 590.0 599.0 599.0 582.1 850.0 367.0
2022-01-18 60309.0 577.0 595.0 595.0 571.5 850.0 367.0
2022-01-19 59068.0 569.0 588.5 588.5 567.5 850.0 367.0
2022-01-20 63604.0 582.0 569.0 582.9 563.0 850.0 367.0
2022-01-23 61431.0 577.0 585.0 596.0 573.0 850.0 367.0
2022-01-24 97847.0 554.0 588.5 588.5 550.1 850.0 367.0
2022-01-25 53745.0 550.0 565.0 565.0 547.0 850.0 367.0
2022-01-26 52983.0 547.5 550.0 555.0 540.0 850.0 367.0
2022-01-27 39083.0 543.0 558.0 558.0 540.0 850.0 367.0
2022-01-30 64898.0 568.5 553.8 577.0 553.8 850.0 367.0
2022-01-31 43679.0 559.1 579.0 579.0 558.2 850.0 367.0
2022-02-01 31014.0 567.9 570.0 570.0 555.0 850.0 367.0
2022-02-03 50855.0 560.0 569.9 579.0 560.0 850.0 377.0
2022-02-06 27432.0 551.3 556.0 565.0 551.2 850.0 377.0
2022-02-07 24275.0 556.0 562.0 562.3 546.0 850.0 377.0
2022-02-09 26283.0 544.0 550.0 554.0 542.0 850.0 377.0
2022-02-10 21266.0 540.0 548.0 552.0 540.0 850.0 377.0
2022-02-13 52704.0 522.0 530.0 535.0 521.0 850.0 377.0
2022-02-14 23978.0 525.0 522.0 542.0 521.0 850.0 377.0
2022-02-15 45892.0 534.0 525.9 534.0 518.5 850.0 377.0
2022-02-16 30933.0 525.0 525.0 540.0 523.5 850.0 377.0
2022-02-17 19173.0 522.4 525.0 530.0 520.2 850.0 377.0
2022-02-20 50599.0 511.0 515.5 517.9 500.0 850.0 377.0
2022-02-21 23198.0 514.0 515.0 520.0 510.0 850.0 377.0
2022-02-22 47300.0 527.0 520.0 530.0 517.0 850.0 377.0
