2021-11-16 6830.0 527.5 520.0 529.0 520.0 696.0 141.0
2021-11-17 33546.0 540.0 537.0 548.0 528.0 696.0 141.0
2021-11-18 12446.0 539.8 541.0 541.0 528.1 696.0 141.0
2021-11-21 11270.0 532.0 540.0 545.0 524.0 696.0 141.0
2021-11-22 18076.0 545.0 522.0 550.6 513.0 696.0 141.0
2021-11-23 14181.0 520.0 539.0 542.0 515.0 696.0 141.0
2021-11-24 13509.0 520.0 515.0 542.0 503.4 696.0 141.0
2021-11-25 6660.0 512.0 530.0 540.6 512.0 696.0 141.0
2021-11-28 15729.0 510.0 512.0 515.0 492.0 696.0 141.0
2021-11-29 8650.0 503.0 520.0 520.0 495.0 696.0 141.0
2021-11-30 7915.0 492.5 495.0 523.0 490.0 696.0 141.0
2021-12-01 4580.0 491.5 502.3 512.3 491.2 696.0 141.0
2021-12-02 7424.0 471.0 500.0 510.0 470.0 696.0 141.0
2021-12-05 7485.0 450.0 480.0 489.5 437.1 696.0 141.0
2021-12-06 10820.0 450.0 442.1 459.0 416.5 696.0 141.0
2021-12-07 4606.0 440.0 459.0 460.0 433.3 696.0 141.0
2021-12-08 8492.0 420.0 432.0 432.0 413.0 696.0 141.0
2021-12-09 19277.0 411.0 411.6 423.0 405.0 696.0 141.0
2021-12-12 9498.0 394.0 403.0 412.0 387.9 696.0 141.0
2021-12-13 17244.00 358.0 388.0 388.0 354.6 696.0 141.0
2021-12-14 8599.00 393.8 365.1 393.8 365.1 696.0 141.0
2021-12-15 43987.00 418.0 401.6 433.1 400.0 696.0 141.0
2021-12-16 11460.0 398.0 426.0 426.0 396.0 696.0 141.0
2021-12-20 6025.0 394.0 396.0 405.0 394.0 696.0 141.0
2021-12-21 9642.0 405.0 401.8 409.8 396.0 696.0 141.0
2021-12-22 23596.0 429.9 413.0 436.0 413.0 696.0 141.0
2021-12-23 13648.0 431.0 422.0 440.0 421.4 696.0 141.0
2021-12-26 6460.0 424.6 422.4 439.6 422.4 696.0 141.0
2021-12-27 5341.0 398.0 424.0 425.0 398.0 696.0 141.0
2021-12-28 5505.0 408.0 391.0 430.5 391.0 696.0 141.0
2021-12-29 10293.0 410.0 416.0 423.0 402.1 696.0 141.0
2022-01-02 4759.0 419.9 401.8 433.0 401.8 696.0 145.0
2022-01-03 8015.0 434.0 428.0 434.0 417.0 696.0 145.0
2022-01-04 54118.0 471.0 440.0 477.0 440.0 696.0 147.0
2022-01-05 26645.0 414.0 425.1 433.6 408.0 696.0 147.0
2022-01-06 9771.0 420.0 420.9 425.0 405.0 696.0 147.0
2022-01-09 27985.0 441.0 428.0 445.0 411.6 696.0 157.0
2022-01-10 18877.0 450.0 449.8 458.7 428.0 696.0 157.0
2022-01-11 73847.0 475.0 441.0 480.0 441.0 696.0 157.0
2022-01-12 45502.0 455.0 470.0 482.0 455.0 696.0 161.0
2022-01-13 27018.0 477.5 455.0 480.0 449.1 696.0 161.0
2022-01-16 32839.0 477.5 487.0 506.0 477.5 696.0 162.0
2022-01-17 19928.0 475.0 468.0 496.7 463.0 696.0 162.0
2022-01-18 14861.0 465.0 475.0 478.0 458.0 696.0 167.0
2022-01-19 10644.0 457.0 455.7 469.0 454.0 696.0 167.0
2022-01-20 16224.0 468.0 466.0 470.0 450.1 696.0 167.0
2022-01-23 9513.0 459.0 460.0 469.2 450.0 696.0 167.0
2022-01-24 26710.0 441.0 449.9 455.0 434.0 696.0 167.0
2022-01-25 24001.0 440.2 433.0 456.9 428.3 696.0 167.0
2022-01-26 22095.0 429.0 440.0 441.9 418.0 696.0 167.0
2022-01-27 8141.0 433.0 437.0 445.0 426.3 696.0 167.0
2022-01-30 22102.0 452.0 441.6 467.0 440.0 696.0 167.0
2022-01-31 11291.0 445.3 461.0 461.0 445.3 696.0 167.0
2022-02-01 18003.0 449.0 454.2 454.2 444.1 696.0 167.0
2022-02-03 17343.0 442.0 457.9 460.0 442.0 696.0 167.0
2022-02-06 13733.0 439.0 442.0 450.8 433.0 696.0 167.0
2022-02-07 10776.0 437.0 431.1 447.7 431.1 696.0 167.0
2022-02-09 3660.0 430.0 432.0 439.9 425.3 696.0 167.0
2022-02-10 13627.0 429.0 433.0 433.0 420.6 696.0 167.0
2022-02-13 8130.0 407.0 421.0 421.0 405.0 696.0 167.0
2022-02-14 7640.0 404.0 410.0 426.3 399.0 696.0 167.0
2022-02-15 2455.0 419.0 410.0 420.0 408.0 696.0 167.0
2022-02-16 4949.0 414.8 419.0 420.0 410.0 696.0 167.0
2022-02-17 3150.0 414.0 406.6 414.7 401.1 696.0 167.0
2022-02-20 8373.0 414.0 413.0 417.0 402.0 696.0 167.0
2022-02-21 4264.0 413.0 414.0 420.8 406.0 696.0 167.0
2022-02-22 6843.0 415.0 413.0 420.0 408.2 696.0 167.0
