2021-11-16 849.0 2031.8 1910.0 2031.8 1900.0 3131.0 912.0
2021-11-17 1104.0 2009.9 2072.4 2072.4 1991.0 3131.0 912.0
2021-11-18 682.0 1950.0 2000.0 2000.0 1937.0 3131.0 912.0
2021-11-21 708.0 1915.0 1989.0 1989.0 1915.0 3131.0 912.0
2021-11-22 403.0 1930.0 1953.3 1953.3 1915.0 3131.0 912.0
2021-11-23 1180.0 1915.0 1900.0 1938.0 1885.0 3131.0 912.0
2021-11-24 776.0 1937.0 1914.0 1937.0 1880.0 3131.0 912.0
2021-11-25 536.0 1910.0 1945.0 1949.0 1905.0 3131.0 912.0
2021-11-28 536.0 1840.2 1872.0 1909.0 1840.1 3131.0 912.0
2021-11-29 682.0 1807.0 1870.0 1870.0 1807.0 3131.0 912.0
2021-11-30 3700.0 1780.0 1821.0 1825.0 1700.0 3131.0 912.0
2021-12-01 278.0 1810.0 1764.0 1810.0 1756.0 3131.0 912.0
2021-12-02 923.0 1748.2 1781.0 1781.0 1744.4 3131.0 912.0
