2021-11-16 870.0 790.0 761.8 818.7 761.8 1251.1 295.0
2021-11-17 17109.0 813.0 805.0 830.0 805.0 1251.1 295.0
2021-11-18 17235.0 866.0 802.0 894.3 802.0 1251.1 295.0
2021-11-21 5088.0 952.6 883.0 952.6 883.0 1251.1 295.0
2021-11-22 37793.0 949.0 971.6 1031.0 935.0 1251.1 295.0
2021-11-23 13104.0 900.0 955.0 955.0 895.0 1251.1 295.0
2021-11-24 6050.0 893.0 890.0 895.0 870.0 1251.1 295.0
2021-11-25 8818.0 879.0 910.8 910.8 850.0 1251.1 295.0
2021-11-28 7757.0 848.0 862.0 866.0 816.5 1251.1 295.0
2021-11-29 2831.0 830.0 864.0 864.0 828.0 1251.1 295.0
2021-11-30 2886.0 856.7 846.6 863.5 824.0 1251.1 295.0
2021-12-01 27477.0 920.0 873.0 942.3 865.0 1251.1 295.0
2021-12-02 15881.0 925.0 938.4 957.0 913.3 1251.1 295.0
2021-12-05 18004.0 933.9 940.0 943.0 925.0 1251.1 300.0
2021-12-06 8084.0 922.5 933.9 938.0 882.0 1251.1 300.0
2021-12-07 6840.0 914.9 940.0 940.0 907.0 1251.1 306.0
2021-12-08 9380.0 883.0 916.1 929.9 878.0 1251.1 336.0
2021-12-09 30607.0 856.0 900.6 900.6 850.0 1251.1 354.0
2021-12-12 12145.0 485.0 518.0 518.0 475.0 1251.1 354.0
2021-12-13 8922.00 450.8 486.0 486.0 442.0 1251.1 354.0
2021-12-14 4363.00 492.0 455.0 492.2 455.0 1251.1 354.0
2021-12-15 6317.00 498.9 501.8 525.0 489.2 1251.1 354.0
2021-12-16 3657.0 495.0 500.0 508.0 480.0 1251.1 354.0
2021-12-20 4773.0 466.0 497.0 497.0 465.0 1251.1 354.0
2021-12-21 3189.0 475.0 466.0 483.0 456.7 1251.1 354.0
2021-12-22 4068.0 485.0 475.0 502.0 474.0 1251.1 354.0
2021-12-23 28372.0 528.0 494.7 530.0 494.7 1251.1 354.0
2021-12-26 8347.0 520.0 518.0 543.0 491.0 1251.1 384.0
2021-12-27 4357.0 500.0 509.8 524.0 494.9 1251.1 384.0
2021-12-28 3734.0 502.0 490.0 504.0 479.5 1251.1 390.0
2021-12-29 2537.0 485.0 495.0 504.0 476.0 1251.1 390.0
2022-01-02 4661.0 485.5 476.0 503.8 467.0 1251.1 390.0
2022-01-03 5196.0 489.0 485.0 495.0 479.0 1251.1 390.0
2022-01-04 3985.0 490.0 498.0 500.0 480.2 1251.1 435.0
2022-01-05 7426.0 494.0 495.0 505.0 489.0 1251.1 442.0
2022-01-06 2200.0 494.0 494.0 503.9 475.0 1251.1 442.0
2022-01-09 6222.0 503.0 502.0 510.0 485.0 1251.1 442.0
2022-01-10 8284.0 519.0 513.0 523.0 507.0 1251.1 442.0
2022-01-11 21672.0 570.9 519.0 570.9 516.1 1251.1 442.0
2022-01-12 13946.0 627.9 582.3 627.9 571.0 1251.1 442.0
2022-01-13 16404.0 620.4 640.4 690.6 609.0 1251.1 442.0
2022-01-16 16627.0 615.0 625.0 630.0 608.1 1251.1 442.0
2022-01-17 7307.0 604.0 620.0 630.0 603.0 1251.1 442.0
2022-01-18 9337.0 580.0 604.0 610.0 572.5 1251.1 442.0
2022-01-19 5421.0 584.0 569.2 591.6 568.4 1251.1 442.0
2022-01-20 10200.0 602.0 573.0 613.0 573.0 1251.1 442.0
2022-01-23 6750.0 610.0 613.9 614.0 606.0 1251.1 442.0
2022-01-24 12094.0 575.5 610.0 610.0 575.0 1251.1 442.0
2022-01-25 4140.0 577.0 575.5 590.0 564.0 1251.1 442.0
2022-01-26 4841.0 569.0 585.0 585.0 566.1 1251.1 442.0
2022-01-27 5469.0 570.0 580.0 591.6 565.0 1251.1 442.0
2022-01-30 5293.0 591.2 581.4 603.8 570.0 1251.1 442.0
2022-01-31 8448.0 577.0 603.0 603.0 575.0 1251.1 442.0
2022-02-01 7110.0 580.0 575.0 584.0 570.0 1251.1 442.0
2022-02-03 12124.0 567.1 591.6 592.0 565.0 1251.1 442.0
2022-02-06 3790.0 564.0 560.0 570.0 555.0 1251.1 442.0
2022-02-07 2059.0 560.0 570.0 575.0 556.0 1251.1 442.0
2022-02-09 3033.0 554.0 566.0 566.0 543.0 1251.1 442.0
2022-02-10 1459.0 545.0 545.1 560.0 545.0 1251.1 442.0
2022-02-13 4688.0 500.0 535.0 535.0 500.0 1251.1 442.0
2022-02-14 4028.0 505.0 510.0 530.6 500.0 1251.1 442.0
2022-02-15 6947.0 539.0 500.2 546.2 500.2 1251.1 442.0
2022-02-16 2623.0 538.0 528.3 559.0 518.5 1251.1 442.0
2022-02-17 4450.0 546.9 535.0 548.0 535.0 1251.1 442.0
2022-02-20 3731.0 521.0 537.0 540.0 520.0 1251.1 442.0
2022-02-21 2309.0 531.0 531.4 531.4 513.0 1251.1 442.0
2022-02-22 3679.0 530.2 540.0 550.0 522.1 1251.1 442.0
