2021-11-16 74044.0 1559.0 1550.0 1565.0 1546.1 1740.0 888.0
2021-11-17 99187.0 1556.0 1570.0 1570.0 1548.0 1740.0 888.0
2021-11-18 89460.0 1547.0 1587.1 1587.1 1546.0 1740.0 888.0
2021-11-21 75509.0 1544.0 1560.0 1565.0 1538.0 1740.0 920.0
2021-11-22 80745.0 1546.0 1544.0 1554.9 1540.0 1740.0 920.0
2021-11-23 62286.0 1537.0 1550.0 1550.0 1532.0 1740.0 960.0
2021-11-24 54975.0 1545.0 1545.0 1550.0 1527.0 1740.0 960.0
2021-11-25 64950.0 1538.0 1547.0 1550.0 1535.0 1740.0 972.0
2021-11-28 85621.0 1523.0 1538.0 1538.0 1520.0 1740.0 1042.0
2021-11-29 60022.0 1526.0 1523.0 1530.0 1508.0 1740.0 1042.0
2021-11-30 52965.0 1521.0 1535.0 1535.0 1518.7 1740.0 1042.0
2021-12-01 36610.0 1524.2 1535.3 1535.3 1523.0 1740.0 1042.0
2021-12-02 60311.0 1512.0 1524.2 1530.0 1509.0 1740.0 1042.0
2021-12-05 108142.0 1474.0 1514.0 1514.0 1471.0 1740.0 1042.0
2021-12-06 118177.0 1485.0 1445.0 1495.0 1415.0 1740.0 1042.0
2021-12-07 60813.0 1475.0 1513.9 1514.0 1475.0 1740.0 1042.0
2021-12-08 47379.0 1456.8 1475.0 1480.0 1450.0 1740.0 1042.0
2021-12-09 56323.0 1452.9 1456.0 1459.0 1220.0 1740.0 1042.0
2021-12-12 80982.0 1421.0 1453.0 1453.0 1420.5 1740.0 1042.0
2021-12-13 130695.00 1366.1 1421.0 1421.0 1364.0 1740.0 1042.0
2021-12-14 64277.00 1460.0 1393.0 1460.0 1380.0 1740.0 1042.0
2021-12-15 90423.00 1450.0 1460.0 1500.0 1412.0 1740.0 1042.0
2021-12-16 43538.0 1430.0 1450.0 1460.0 1421.0 1740.0 1042.0
2021-12-20 58668.0 1420.0 1439.9 1439.9 1412.0 1740.0 1042.0
2021-12-21 98889.0 1452.5 1423.0 1452.5 1423.0 1740.0 1042.0
2021-12-22 79765.0 1485.0 1460.0 1492.0 1455.0 1740.0 1042.0
2021-12-23 51892.0 1485.0 1494.0 1499.0 1471.0 1740.0 1042.0
2021-12-26 209837.0 1524.0 1514.7 1570.8 1506.0 1740.0 1042.0
2021-12-27 201767.0 1499.0 1549.0 1550.0 1485.0 1740.0 1042.0
2021-12-28 170269.0 1480.0 1500.0 1500.0 1479.2 1740.0 1042.0
2021-12-29 326139.0 1450.0 1499.0 1500.0 1450.0 1740.0 1042.0
2022-01-02 263845.0 1144.0 1107.0 1151.5 1086.0 1740.0 1042.0
2022-01-03 130041.0 1137.0 1150.0 1160.0 1137.0 1740.0 1042.0
2022-01-04 116739.0 1119.0 1137.0 1139.0 1117.2 1740.0 1042.0
2022-01-05 75462.0 1111.9 1122.0 1138.0 1110.0 1740.0 1042.0
2022-01-06 67780.0 1114.0 1111.0 1123.0 1099.6 1740.0 1042.0
2022-01-09 126780.0 1113.0 1120.0 1129.0 1110.0 1740.0 1065.0
2022-01-10 120640.0 1111.3 1113.0 1119.9 1106.1 1740.0 1065.0
2022-01-11 102845.0 1114.8 1112.0 1117.0 1105.5 1740.0 1065.0
2022-01-12 105760.0 1107.0 1120.0 1120.0 1107.0 1740.0 1065.0
2022-01-13 92618.0 1110.0 1110.0 1112.0 1104.0 1740.0 1065.0
2022-01-16 176667.0 1140.0 1120.0 1147.0 1110.0 1740.0 1065.0
2022-01-17 113189.0 1178.9 1162.0 1179.0 1140.0 1740.0 1065.0
2022-01-18 116223.0 1190.0 1180.0 1209.0 1180.0 1740.0 1065.0
2022-01-19 73385.0 1177.0 1213.0 1213.0 1170.1 1740.0 1065.0
2022-01-20 47782.0 1178.0 1182.0 1182.0 1160.0 1740.0 1065.0
2022-01-23 79765.0 1161.0 1178.0 1178.0 1155.0 1740.0 1065.0
2022-01-24 96165.0 1127.0 1165.0 1165.0 1125.0 1740.0 1065.0
2022-01-25 52041.0 1129.1 1135.0 1145.0 1110.0 1740.0 1065.0
2022-01-26 61217.0 1121.0 1129.0 1134.9 1115.0 1740.0 1065.0
2022-01-27 56308.0 1117.0 1121.0 1130.0 1115.0 1740.0 1065.0
2022-01-30 59027.0 1135.0 1139.0 1139.0 1127.1 1740.0 1065.0
2022-01-31 38126.0 1127.0 1149.0 1149.0 1125.0 1740.0 1065.0
2022-02-01 54175.0 1121.1 1129.9 1129.9 1119.3 1740.0 1065.0
2022-02-03 61153.0 1122.0 1141.5 1143.5 1121.0 1740.0 1086.0
2022-02-06 71516.0 1109.0 1130.0 1130.0 1108.5 1740.0 1086.0
2022-02-07 68960.0 1109.0 1112.0 1112.0 1106.0 1740.0 1086.0
2022-02-09 59639.0 1100.9 1110.0 1110.0 1098.0 1740.0 1086.0
2022-02-10 62380.0 1097.1 1101.0 1101.0 1095.0 1740.0 1086.0
2022-02-13 87909.0 1070.0 1095.0 1095.0 1069.0 1740.0 1069.0
2022-02-14 68303.0 1064.0 1070.0 1079.0 1064.0 1740.0 1064.0
2022-02-15 53230.0 1075.0 1085.0 1085.0 1066.1 1740.0 1064.0
2022-02-16 46381.0 1080.0 1096.0 1096.0 1070.3 1740.0 1064.0
2022-02-17 34444.0 1079.0 1081.0 1094.0 1070.0 1740.0 1064.0
2022-02-20 61489.0 1062.0 1070.0 1075.0 1045.0 1740.0 1045.0
2022-02-21 39297.0 1067.0 1070.0 1073.0 1063.0 1740.0 1045.0
2022-02-22 41743.0 1070.5 1080.0 1080.0 1069.0 1740.0 1045.0
