2021-11-16 221034.0 358.6 332.5 358.6 332.5 515.0 234.0
2021-11-17 461290.0 394.4 365.0 394.4 365.0 515.0 234.0
2021-11-18 298399.0 383.0 402.2 408.5 372.0 515.0 234.0
2021-11-21 128540.0 374.0 390.6 390.6 367.2 515.0 241.0
2021-11-22 61531.0 369.0 379.9 380.0 368.0 515.0 241.0
2021-11-23 55968.0 364.0 375.0 376.0 362.0 515.0 241.0
2021-11-24 61841.0 365.0 360.0 369.0 357.1 515.0 241.0
2021-11-25 52068.0 360.0 372.0 372.0 357.7 515.0 241.0
2021-11-28 112898.0 346.0 360.0 360.0 343.0 515.0 241.0
2021-11-29 72901.0 349.0 350.0 358.0 345.1 515.0 241.0
2021-11-30 73923.0 360.0 349.0 360.0 344.3 515.0 241.0
2021-12-01 81842.0 369.8 367.2 373.0 361.1 515.0 241.0
2021-12-02 129851.0 365.0 372.0 381.0 362.7 515.0 241.0
2021-12-05 143547.0 360.0 369.9 371.0 357.0 515.0 241.0
2021-12-06 82415.0 359.0 360.0 361.0 343.3 515.0 241.0
2021-12-07 30470.0 351.0 361.1 367.0 350.0 515.0 241.0
2021-12-08 34072.0 345.0 351.0 351.0 344.1 515.0 241.0
2021-12-09 42617.0 337.1 346.0 346.0 336.1 515.0 241.0
2021-12-12 82215.0 327.0 335.0 335.1 325.4 515.0 241.0
2021-12-13 78901.00 315.0 321.0 324.0 312.0 515.0 241.0
2021-12-14 25367.00 326.0 320.0 332.5 320.0 515.0 241.0
2021-12-15 67462.00 322.4 328.9 335.5 321.0 515.0 241.0
2021-12-16 203425.0 354.6 323.0 354.6 320.0 515.0 241.0
2021-12-20 136629.0 356.1 360.0 367.2 354.8 515.0 241.0
2021-12-21 176225.0 375.0 361.9 377.4 355.0 515.0 241.0
2021-12-22 164774.0 377.8 382.5 390.0 375.0 515.0 241.0
2021-12-23 216726.0 378.1 380.0 390.0 377.0 515.0 241.0
2021-12-26 105948.0 373.0 385.0 390.0 370.0 515.0 241.0
2021-12-27 164764.0 370.9 380.0 385.0 366.0 515.0 241.0
2021-12-28 68062.0 369.0 378.3 378.3 363.1 515.0 241.0
2021-12-29 525944.0 402.5 376.0 402.5 369.0 515.0 241.0
2022-01-02 456727.0 408.0 410.5 426.8 402.5 515.0 256.0
2022-01-03 312095.0 398.0 416.0 416.0 392.0 515.0 256.0
2022-01-04 367258.0 405.4 405.0 407.0 395.3 515.0 260.0
2022-01-05 194032.0 396.5 411.0 411.0 396.0 515.0 260.0
2022-01-06 104973.0 399.0 404.0 404.0 392.3 515.0 260.0
2022-01-09 171653.0 399.5 405.0 410.0 399.0 515.0 272.0
2022-01-10 229336.0 390.1 400.0 405.0 387.0 515.0 272.0
2022-01-11 170334.0 389.5 397.0 397.0 385.0 515.0 275.0
2022-01-12 721055.0 400.0 397.2 404.0 389.0 515.0 275.0
2022-01-13 254583.0 399.0 405.0 405.0 394.0 515.0 278.0
