2021-11-16 29840.0 10.96 10.74 10.96 10.74 17.0 9.36
2021-11-17 66556.0 11.0 11.0 11.05 10.71 17.0 9.36
2021-11-18 6100.0 10.9 10.78 10.9 10.7 17.0 9.36
2021-11-21 52250.0 10.89 10.7 11.0 10.7 17.0 9.36
2021-11-22 74260.0 11.1 10.78 11.14 10.51 17.0 9.36
2021-11-23 27236.0 10.77 10.88 10.95 10.6 17.0 9.36
2021-11-24 650.0 10.96 10.7 10.96 10.7 17.0 9.36
2021-11-25 38450.0 10.75 10.95 10.95 10.75 17.0 9.36
2021-11-28 115925.0 10.5 10.54 10.75 10.05 17.0 9.36
2021-11-29 117658.0 10.29 10.7 10.88 10.09 17.0 9.36
2021-11-30 22050.0 10.23 10.49 10.49 10.23 17.0 9.36
2021-12-01 5900.0 10.25 10.23 10.44 10.23 17.0 9.36
2021-12-02 27900.0 10.26 10.3 10.44 10.21 17.0 9.36
2021-12-05 96600.0 10.2 10.46 10.46 10.1 17.0 9.36
2021-12-06 40950.0 10.2 10.0 10.2 10.0 17.0 9.36
2021-12-07 34900.0 10.3 10.02 10.47 10.0 17.0 9.36
2021-12-08 18204.0 10.25 10.13 10.4 10.13 17.0 9.36
2021-12-09 21200.0 10.32 10.1 10.32 10.1 17.0 9.36
