2021-11-22 113070.0 9.88 10.0 10.08 9.69 10.08 9.69
2021-11-23 66129.0 10.05 9.69 10.07 9.69 10.08 9.69
2021-11-24 32850.0 10.0 9.85 10.03 9.68 10.08 9.68
2021-11-25 40740.0 10.0 9.81 10.06 9.76 10.08 9.68
2021-11-28 33418.0 9.88 9.9 9.99 9.77 10.08 9.68
2021-11-29 33880.0 9.8 9.69 10.08 9.69 10.08 9.68
2021-11-30 26500.0 9.92 9.7 9.92 9.62 10.08 9.62
2021-12-01 50530.0 9.89 9.93 9.93 9.7 10.08 9.62
2021-12-02 52960.0 9.66 9.7 9.92 9.57 10.08 9.57
2021-12-05 28460.0 9.66 9.55 9.68 9.4 10.08 9.4
2021-12-06 73177.0 9.7 9.5 9.78 9.4 10.08 9.4
2021-12-07 18530.0 9.63 9.75 9.8 9.6 10.08 9.4
2021-12-08 70640.0 9.6 9.5 9.79 9.45 10.08 9.4
2021-12-09 24800.0 9.52 9.43 9.79 9.42 10.08 9.4
