2021-11-16 194896.0 459.4 455.0 459.8 446.0 575.0 326.0
2021-11-17 72269.0 461.5 468.5 468.5 459.0 575.0 326.0
2021-11-18 107262.0 450.0 462.0 462.0 449.0 575.0 326.0
2021-11-21 71962.0 448.0 450.0 454.0 445.0 575.0 326.0
2021-11-22 69054.0 446.5 448.0 451.0 445.1 575.0 326.0
2021-11-23 156816.0 439.0 446.0 447.0 435.0 575.0 326.0
2021-11-24 48115.0 439.5 439.0 440.0 433.3 575.0 326.0
2021-11-25 94906.0 445.0 445.0 449.0 440.0 575.0 326.0
2021-11-28 77518.0 438.0 445.0 450.0 437.0 575.0 326.0
2021-11-29 63740.0 439.8 430.0 445.7 430.0 575.0 326.0
2021-11-30 64378.0 440.0 448.0 448.0 435.0 575.0 326.0
2021-12-01 51523.0 439.0 440.0 444.0 439.0 575.0 326.0
2021-12-02 111320.0 435.0 440.0 444.0 432.0 575.0 326.0
2021-12-05 121302.0 422.0 439.0 439.0 421.0 575.0 326.0
2021-12-06 290753.0 431.7 430.4 433.0 421.2 575.0 326.0
2021-12-07 151300.0 368.1 378.0 380.0 367.0 575.0 326.0
2021-12-08 76439.0 354.0 365.0 368.0 353.0 575.0 326.0
2021-12-09 77127.0 345.0 354.9 354.9 342.0 575.0 326.0
