2021-12-21 55.0 980.0 980.0 980.0 980.0 1000.0 980.0
2021-12-22 105.0 935.0 961.0 961.0 917.0 1000.0 917.0
2021-12-23 190.0 920.4 920.1 925.0 920.1 1000.0 917.0
2021-12-26 145.0 920.3 918.0 920.3 917.1 1000.0 917.0
2021-12-27 75.0 915.0 915.2 920.3 915.0 1000.0 915.0
2021-12-28 75.0 914.1 915.0 915.0 914.1 1000.0 914.1
2021-12-29 25.0 920.0 920.0 920.0 920.0 1000.0 914.1
2022-01-02 125.0 893.2 910.3 911.4 893.2 1000.0 893.2
2022-01-03 105.0 900.0 911.0 911.0 900.0 1000.0 893.2
2022-01-09 300.0 918.0 918.0 918.0 918.0 1000.0 893.2
2022-01-10 50.0 902.0 902.1 902.1 902.0 1000.0 893.2
2022-01-11 175.0 920.0 905.0 920.0 905.0 1000.0 893.2
2022-01-13 400.0 901.3 912.1 912.1 901.3 1000.0 893.2
2022-01-16 55.0 900.0 900.0 900.0 900.0 1000.0 893.2
2022-01-18 125.0 899.7 882.2 900.0 882.1 1000.0 882.1
2022-01-19 50.0 899.4 885.0 899.4 881.8 1000.0 881.8
2022-01-20 270.0 913.0 905.0 913.0 905.0 1000.0 881.8
2022-01-23 75.0 896.0 900.0 900.0 896.0 1000.0 881.8
2022-01-24 25.0 880.1 880.1 880.1 880.1 1000.0 880.1
2022-01-25 125.0 870.0 865.5 870.0 865.0 1000.0 865.0
2022-01-27 25.0 856.2 856.2 856.2 856.2 1000.0 856.2
2022-02-06 60.0 862.0 873.0 873.0 862.0 1000.0 856.2
2022-02-09 10.0 880.0 880.0 880.0 880.0 1000.0 856.2
2022-02-10 40.0 880.0 880.0 880.0 880.0 1000.0 856.2
2022-02-13 150.0 865.1 870.0 870.0 865.1 1000.0 856.2
2022-02-14 50.0 875.0 874.9 875.0 874.9 1000.0 856.2
2022-02-15 50.0 875.0 875.0 875.0 875.0 1000.0 856.2
2022-02-16 50.0 870.0 857.5 870.0 857.5 1000.0 856.2
2022-02-17 100.0 874.0 874.0 874.0 874.0 1000.0 856.2
2022-02-20 25.0 874.0 874.0 874.0 874.0 1000.0 856.2
2022-02-21 25.0 857.0 857.0 857.0 857.0 1000.0 856.2
2022-02-22 25.0 842.6 842.6 842.6 842.6 1000.0 842.6
