2021-12-02 25.0 1005.0 1005.0 1005.0 1005.0 1106.0 1000.0
2021-12-05 400.0 1005.0 1005.0 1005.0 1005.0 1106.0 1000.0
2021-12-27 50.0 1025.0 1025.0 1025.0 1025.0 1106.0 1000.0
2022-01-03 20.0 1045.0 1045.0 1045.0 1045.0 1106.0 1000.0
2022-01-04 50.0 1025.0 1025.0 1025.0 1025.0 1106.0 1000.0
2022-01-09 25.0 1015.0 1015.0 1015.0 1015.0 1106.0 1000.0
2022-01-17 40.0 995.0 1001.0 1001.0 995.0 1106.0 995.0
2022-01-19 100.0 975.1 975.1 975.1 975.1 1106.0 975.1
2022-01-20 50.0 994.6 994.6 994.6 994.6 1106.0 975.1
2022-01-26 800.0 995.0 995.0 995.0 995.0 1106.0 975.1
2022-02-06 330.0 988.0 988.0 988.0 988.0 1106.0 975.1
2022-02-13 25.0 970.0 970.0 970.0 970.0 1106.0 970.0
2022-02-16 120.0 950.6 950.7 950.7 950.6 1106.0 950.6
