2021-11-16 55161.0 302.0 300.0 304.0 292.0 407.0 229.0
2021-11-17 63666.0 300.0 307.0 308.0 300.0 407.0 229.0
2021-11-18 42746.0 300.0 300.0 306.0 297.1 407.0 229.0
2021-11-21 35039.0 300.0 295.0 305.0 295.0 407.0 233.0
2021-11-22 31206.0 300.0 300.0 303.0 297.0 407.0 233.0
2021-11-23 21737.0 298.9 295.0 300.0 295.0 407.0 235.0
2021-11-24 38399.0 297.8 295.1 298.5 293.3 407.0 235.0
2021-11-25 65942.0 304.0 300.0 306.0 294.0 407.0 235.0
2021-11-28 39869.0 292.5 301.3 301.3 292.0 407.0 252.0
2021-11-29 30079.0 293.0 292.3 296.0 291.0 407.0 252.0
2021-11-30 37901.0 292.0 292.2 294.0 288.2 407.0 275.0
2021-12-01 65593.0 289.9 291.0 295.0 287.7 407.0 275.0
2021-12-02 38638.0 287.9 290.0 290.0 283.1 407.0 275.0
2021-12-05 51304.0 280.0 284.0 285.0 279.0 407.0 275.0
2021-12-06 40940.0 283.9 278.0 284.5 267.6 407.0 267.6
2021-12-07 23550.0 279.0 280.0 285.6 275.0 407.0 267.6
2021-12-08 24563.0 271.0 280.0 280.0 268.0 407.0 267.6
2021-12-09 39960.0 275.0 236.08 275.0 236.08 407.0 236.08
2021-12-12 41215.0 268.0 274.0 274.0 262.2 407.0 236.08
2021-12-13 45022.00 265.0 263.0 267.0 252.8 407.0 236.08
2021-12-14 26229.00 275.0 270.0 275.0 260.1 407.0 236.08
2021-12-15 320665.00 269.0 275.0 279.0 264.0 407.0 236.08
2021-12-16 15160.0 268.9 270.0 270.0 265.0 407.0 236.08
2021-12-20 36476.0 266.0 274.2 274.2 260.4 407.0 236.08
2021-12-21 132508.0 275.0 263.0 275.0 263.0 407.0 236.08
2021-12-22 90580.0 279.0 280.5 280.5 273.0 407.0 236.08
2021-12-23 59835.0 278.8 280.0 282.0 272.0 407.0 236.08
2021-12-26 161768.0 284.5 282.0 285.0 275.0 407.0 236.08
2021-12-27 69347.0 263.0 267.0 268.0 260.0 407.0 236.08
2021-12-28 26555.0 262.0 264.9 265.0 256.0 407.0 236.08
2021-12-29 23281.0 261.0 265.0 265.0 257.4 407.0 236.08
2022-01-02 52145.0 262.0 260.0 264.0 257.1 407.0 236.08
2022-01-03 164879.0 266.5 258.0 269.0 258.0 407.0 236.08
2022-01-04 139933.0 279.6 269.0 279.6 265.6 407.0 236.08
2022-01-05 75572.0 273.0 285.1 285.1 269.2 407.0 236.08
2022-01-06 83786.0 276.5 273.0 278.0 267.6 407.0 236.08
2022-01-09 330862.0 288.2 280.0 291.1 280.0 407.0 236.08
2022-01-10 136386.0 284.6 289.0 289.0 281.1 407.0 236.08
2022-01-11 103044.0 285.0 290.2 290.2 280.0 407.0 236.08
2022-01-12 90173.0 279.9 285.0 289.0 277.0 407.0 236.08
2022-01-13 66191.0 281.9 279.9 283.0 276.1 407.0 236.08
2022-01-16 209733.0 285.9 287.5 292.5 283.0 407.0 236.08
2022-01-17 221247.0 286.8 290.0 295.0 283.0 407.0 236.08
2022-01-18 393150.0 295.0 286.8 305.0 284.0 407.0 236.08
2022-01-19 82242.0 292.0 297.0 297.0 288.8 407.0 236.08
2022-01-20 170691.0 293.0 295.0 296.0 289.0 407.0 236.08
2022-01-23 125102.0 288.0 296.0 301.0 287.2 407.0 236.08
2022-01-24 173576.0 278.0 283.6 288.8 273.4 407.0 236.08
2022-01-25 73833.0 277.0 273.0 281.0 268.1 407.0 236.08
2022-01-26 68645.0 273.0 272.1 279.0 271.0 407.0 236.08
2022-01-27 35854.0 273.0 275.0 275.0 270.0 407.0 236.08
2022-01-30 110102.0 280.0 275.0 283.9 275.0 407.0 236.08
2022-01-31 109054.0 277.0 280.0 280.0 275.5 407.0 236.08
2022-02-01 128144.0 276.0 275.0 278.0 273.0 407.0 236.08
2022-02-03 98739.0 273.0 278.0 281.5 271.8 407.0 236.08
2022-02-06 49734.0 272.9 272.0 275.0 270.1 407.0 236.08
2022-02-07 54231.0 274.0 269.0 274.1 268.9 407.0 236.08
2022-02-09 57578.0 272.2 271.0 272.4 269.0 407.0 236.08
2022-02-10 47878.0 272.9 272.1 275.0 269.0 407.0 236.08
2022-02-13 107653.0 262.0 268.0 268.0 259.0 407.0 236.08
2022-02-14 47665.0 262.8 258.0 264.9 258.0 407.0 236.08
2022-02-15 55948.0 264.0 260.0 265.0 260.0 407.0 236.08
2022-02-16 32455.0 261.0 264.0 264.0 259.1 407.0 236.08
2022-02-17 60306.0 259.9 260.0 262.0 258.0 407.0 236.08
2022-02-20 83322.0 255.9 257.5 259.0 254.3 407.0 236.08
2022-02-21 54329.0 262.0 258.9 262.0 256.7 407.0 236.08
2022-02-22 156696.0 269.0 264.0 279.0 260.0 407.0 236.08
