2021-11-16 25.0 975.0 975.0 975.0 975.0 1026.0 972.2
2021-11-22 50.0 975.0 976.2 976.2 975.0 1026.0 972.2
2021-11-25 50.0 980.0 980.0 980.0 980.0 1026.0 972.2
2021-11-28 25.0 976.0 976.0 976.0 976.0 1026.0 972.2
2021-11-29 35.0 976.0 976.0 976.0 976.0 1026.0 972.2
2021-12-08 25.0 971.1 971.1 971.1 971.1 1026.0 971.1
2021-12-12 25.0 972.1 972.1 972.1 972.1 1026.0 971.1
2021-12-20 20.0 972.7 972.7 972.7 972.7 1026.0 971.1
2021-12-27 100.0 990.0 990.0 990.0 990.0 1026.0 971.1
2021-12-28 25.0 970.2 970.2 970.2 970.2 1026.0 970.2
2022-01-02 1115.0 1000.0 989.6 1000.0 989.6 1026.0 970.2
2022-01-05 50.0 990.0 990.0 990.0 990.0 1026.0 970.2
2022-01-10 300.0 1005.0 1005.0 1005.0 1005.0 1026.0 970.2
2022-01-12 25.0 985.0 985.0 985.0 985.0 1026.0 970.2
2022-01-17 25.0 965.3 965.3 965.3 965.3 1026.0 965.3
2022-01-23 25.0 946.0 946.0 946.0 946.0 1026.0 946.0
2022-01-24 25.0 946.0 946.0 946.0 946.0 1026.0 946.0
2022-01-26 25.0 946.0 946.0 946.0 946.0 1026.0 946.0
2022-01-31 130.0 950.0 950.0 950.0 950.0 1026.0 946.0
2022-02-03 100.0 950.0 950.0 950.0 950.0 1026.0 946.0
2022-02-07 180.0 964.7 964.5 964.7 964.5 1026.0 946.0
2022-02-16 80.0 960.0 960.0 960.0 960.0 1026.0 946.0
2022-02-21 125.0 955.0 955.0 955.0 955.0 1026.0 946.0
