2021-08-03 372178.0 16.33 16.5 16.6 16.27 17.49 8.4
2021-08-04 222460.0 16.24 16.2 16.51 16.2 17.49 8.4
2021-08-05 174807.0 16.32 16.24 16.4 16.22 17.49 8.4
2021-08-09 166473.0 16.21 16.4 16.4 16.2 17.49 8.4
2021-08-12 811970.0 16.4 16.19 16.5 16.19 17.49 8.4
2021-08-15 312820.0 16.37 16.6 16.6 16.05 17.49 8.4
2021-08-16 147901.0 16.38 16.37 16.54 16.23 17.49 8.4
2021-08-17 412709.0 16.19 16.1 16.42 16.1 17.49 8.4
2021-08-18 455474.0 16.13 16.19 16.28 16.09 17.49 8.4
2021-08-19 108193.0 16.08 16.13 16.38 16.07 17.49 8.4
2021-08-24 272163.0 16.1 16.02 16.2 16.02 17.49 8.4
2021-08-25 161337.0 16.03 16.1 16.1 16.0 17.49 8.4
2021-08-26 81818.0 15.87 16.05 16.05 15.8 17.49 8.4
2021-08-29 131896.0 15.95 15.63 15.95 15.63 17.49 8.4
2021-08-31 153132.0 15.7 15.64 15.95 15.5 17.49 8.4
2021-09-01 243785.0 15.61 16.0 16.2 15.51 17.49 8.4
2021-09-02 102279.0 15.43 15.35 16.0 15.35 17.49 8.4
