2021-11-16 22636.0 620.0 590.0 632.4 578.0 806.0 199.0
2021-11-17 26856.0 611.1 632.0 636.0 611.1 806.0 199.0
2021-11-18 16478.0 593.0 599.0 620.0 590.0 806.0 199.0
2021-11-21 13072.0 599.0 581.2 616.0 581.2 806.0 199.0
2021-11-22 11910.0 594.5 600.0 602.0 585.0 806.0 199.0
2021-11-23 19608.0 579.0 594.0 605.0 566.0 806.0 199.0
2021-11-24 12398.0 580.0 567.7 597.0 560.0 806.0 199.0
2021-11-25 27980.0 596.0 590.0 623.0 571.0 806.0 199.0
2021-11-28 17090.0 584.0 584.1 595.7 563.0 806.0 199.0
2021-11-29 45000.0 585.0 585.0 610.0 576.3 806.0 199.0
2021-11-30 23822.0 583.0 595.0 596.7 572.0 806.0 199.0
2021-12-01 29988.0 595.0 594.0 605.0 586.5 806.0 199.0
2021-12-02 19981.0 579.9 604.9 605.0 575.0 806.0 199.0
