2021-11-16 57215.0 771.0 753.7 783.0 753.7 1397.0 202.0
2021-11-17 67602.0 784.0 755.6 801.8 755.6 1397.0 202.0
2021-11-18 77037.0 762.0 768.4 783.0 750.0 1397.0 202.0
2021-11-21 45924.0 746.0 762.0 776.2 745.0 1397.0 208.0
2021-11-22 37662.0 748.0 746.0 760.9 744.0 1397.0 208.0
2021-11-23 50664.0 730.0 748.0 750.0 718.0 1397.0 210.0
2021-11-24 124878.0 730.0 718.4 760.0 695.8 1397.0 210.0
2021-11-25 39776.0 716.0 743.9 743.9 716.0 1397.0 210.0
2021-11-28 165626.0 665.0 705.0 721.0 644.4 1397.0 210.0
2021-11-29 56905.0 665.0 665.0 689.0 652.0 1397.0 210.0
2021-11-30 37945.0 675.0 675.0 680.0 656.0 1397.0 210.0
2021-12-01 53908.0 671.0 688.0 698.7 662.0 1397.0 210.0
2021-12-02 38852.0 665.0 684.0 684.0 661.0 1397.0 210.0
