2021-11-16 26647.0 570.0 545.0 576.0 545.0 840.0 218.0
2021-11-17 35433.0 556.0 581.4 589.0 546.0 840.0 218.0
2021-11-18 20298.0 535.0 550.0 578.3 535.0 840.0 218.0
2021-11-21 4542.0 543.0 545.0 575.0 534.1 840.0 218.0
2021-11-22 10533.0 537.0 553.0 555.0 533.2 840.0 218.0
2021-11-23 19359.0 520.0 536.0 545.0 504.0 840.0 218.0
2021-11-24 20058.0 520.0 530.0 540.0 500.0 840.0 218.0
2021-11-25 9937.0 520.0 530.0 540.0 520.0 840.0 218.0
2021-11-28 11654.0 495.2 509.6 516.0 495.0 840.0 218.0
2021-11-29 14612.0 483.0 495.0 513.9 481.1 840.0 218.0
2021-11-30 14270.0 478.0 492.6 501.0 473.4 840.0 218.0
2021-12-01 47274.0 495.0 487.1 511.0 483.1 840.0 218.0
2021-12-02 19822.0 477.0 500.0 504.0 467.0 840.0 218.0
