2021-11-16 674397.0 463.0 430.0 464.0 427.0 530.9 109.0
2021-11-17 559998.0 457.0 472.2 481.0 454.0 530.9 109.0
2021-11-18 421159.0 444.0 466.1 484.0 442.1 530.9 109.0
2021-11-21 522626.0 458.9 444.0 466.0 444.0 530.9 109.0
2021-11-22 254519.0 460.5 468.0 471.0 455.6 530.9 109.0
2021-11-23 271416.0 448.0 461.0 462.0 443.0 530.9 109.0
2021-11-24 314491.0 448.0 440.0 453.8 436.0 530.9 109.0
2021-11-25 162459.0 440.0 450.0 453.0 440.0 530.9 109.0
2021-11-28 540878.0 409.0 431.2 441.0 407.0 530.9 109.0
2021-11-29 364830.0 412.0 409.0 430.0 402.0 530.9 109.0
2021-11-30 182298.0 421.0 405.0 427.0 405.0 530.9 109.0
2021-12-01 201525.0 417.0 429.4 429.4 417.0 530.9 109.0
2021-12-02 268082.0 408.0 423.0 423.0 405.0 530.9 109.0
2021-12-05 692440.0 404.0 416.1 439.0 401.0 530.9 109.0
2021-12-06 379912.0 411.0 412.0 420.0 388.0 530.9 109.0
2021-12-07 184253.0 397.0 419.2 422.0 395.0 530.9 109.0
2021-12-08 309070.0 382.0 395.0 403.9 373.0 530.9 109.0
2021-12-09 194416.0 380.3 375.0 387.8 371.7 530.9 109.0
2021-12-12 379380.0 348.0 380.0 380.0 347.0 530.9 109.0
2021-12-13 412004.00 315.0 349.0 349.0 313.5 530.9 109.0
2021-12-14 210961.00 346.5 321.3 346.5 320.0 530.9 109.0
2021-12-15 439547.00 353.0 353.4 374.3 340.0 530.9 109.0
2021-12-16 188765.0 341.0 355.0 359.0 339.2 530.9 109.0
2021-12-20 165069.0 328.0 341.0 341.0 318.5 530.9 109.0
2021-12-21 147718.0 346.0 334.5 347.8 329.1 530.9 109.0
2021-12-22 319261.0 372.0 352.0 372.3 352.0 530.9 111.0
2021-12-23 298041.0 364.0 378.4 384.0 364.0 530.9 111.0
2021-12-26 230972.0 355.0 364.0 371.2 352.0 530.9 111.0
2021-12-27 199822.0 338.0 362.0 362.0 335.0 530.9 111.0
2021-12-28 172672.0 337.0 332.0 351.0 329.5 530.9 111.0
2021-12-29 104928.0 334.0 343.0 343.0 330.0 530.9 111.0
2022-01-02 124593.0 335.0 339.0 340.0 333.0 530.9 111.0
2022-01-03 150852.0 337.0 340.6 349.7 336.0 530.9 111.0
2022-01-04 149674.0 345.0 340.0 347.3 335.0 530.9 111.0
2022-01-05 277428.0 350.0 345.0 364.0 345.0 530.9 111.0
2022-01-06 180086.0 362.0 353.0 365.0 346.0 530.9 111.0
2022-01-09 442478.0 391.0 369.0 394.0 369.0 530.9 111.0
2022-01-10 479697.0 389.9 398.8 410.0 385.1 530.9 111.0
2022-01-11 221288.0 390.0 397.0 397.4 384.2 530.9 111.0
2022-01-12 307264.0 384.1 390.0 403.0 381.3 530.9 112.0
2022-01-13 306800.0 401.0 384.0 405.0 382.1 530.9 112.0
2022-01-16 350633.0 412.0 409.0 422.0 408.1 530.9 112.0
2022-01-17 283519.0 411.9 414.0 417.0 404.0 530.9 112.0
2022-01-18 281640.0 399.7 409.1 414.0 391.0 530.9 112.0
2022-01-19 234918.0 390.0 403.0 403.0 389.1 530.9 112.0
2022-01-20 248719.0 405.0 396.0 405.9 384.4 530.9 112.0
2022-01-23 227121.0 397.3 408.7 416.8 397.0 530.9 116.0
2022-01-24 392240.0 377.0 390.0 397.0 375.1 530.9 116.0
2022-01-25 335689.0 378.0 377.0 388.0 368.0 530.9 120.0
2022-01-26 249104.0 370.0 379.0 380.0 366.6 530.9 128.0
2022-01-27 116565.0 369.8 375.0 376.5 366.0 530.9 132.0
2022-01-30 314122.0 395.9 377.1 400.0 377.1 530.9 132.0
2022-01-31 172471.0 388.0 403.5 403.5 386.0 530.9 132.0
2022-02-01 955270.0 417.1 395.7 421.0 385.4 530.9 132.0
2022-02-03 578092.0 418.0 425.4 441.6 417.0 530.9 132.0
2022-02-06 582543.0 412.0 418.0 420.0 407.0 530.9 132.0
2022-02-07 650096.0 431.2 412.0 435.0 406.0 530.9 132.0
2022-02-09 342990.0 425.0 422.0 427.0 416.0 530.9 132.0
2022-02-10 522397.0 431.0 429.0 435.0 420.5 530.9 132.0
2022-02-13 611664.0 414.0 422.4 422.4 406.1 530.9 132.0
2022-02-14 1270784.0 431.7 422.2 446.9 422.2 530.9 132.0
2022-02-15 428526.0 438.0 440.0 440.0 426.5 530.9 133.0
2022-02-16 412059.0 427.0 445.0 445.0 426.0 530.9 133.0
2022-02-17 175199.0 426.1 427.0 432.0 423.5 530.9 133.0
2022-02-20 292889.0 418.5 420.0 428.2 411.6 530.9 135.0
2022-02-21 203475.0 422.0 426.8 426.8 418.0 530.9 135.0
2022-02-22 178841.0 424.5 427.9 429.0 422.0 530.9 139.0
