2021-05-13 395752.0 460.0 462.0 484.0 455.0 557.0 335.0
2021-05-13 395752.0 460.0 462.0 484.0 455.0 557.0 335.0
2021-05-13 395752.0 460.0 462.0 484.0 455.0 557.0 335.0
2021-05-13 395752.0 460.0 462.0 484.0 455.0 557.0 335.0
2021-05-13 395752.0 460.0 462.0 484.0 455.0 557.0 335.0
2021-05-13 395752.0 460.0 462.0 484.0 455.0 557.0 335.0
2021-05-13 395752.0 460.0 462.0 484.0 455.0 557.0 335.0
2021-05-13 395752.0 460.0 462.0 484.0 455.0 557.0 335.0
2021-05-13 395752.0 460.0 462.0 484.0 455.0 557.0 335.0
2021-05-13 395752.0 460.0 462.0 484.0 455.0 557.0 335.0
2021-05-13 395752.0 460.0 462.0 484.0 455.0 557.0 335.0
2021-05-13 395752.0 460.0 462.0 484.0 455.0 557.0 335.0
2021-05-13 395752.0 460.0 462.0 484.0 455.0 557.0 335.0
2021-05-13 395752.0 460.0 462.0 484.0 455.0 557.0 335.0
2021-05-13 395752.0 460.0 462.0 484.0 455.0 557.0 335.0
2021-05-13 395752.0 460.0 462.0 484.0 455.0 557.0 335.0
2021-05-13 395752.0 460.0 462.0 484.0 455.0 557.0 335.0
2021-05-13 395752.0 460.0 462.0 484.0 455.0 557.0 335.0
2021-05-13 395752.0 460.0 462.0 484.0 455.0 557.0 335.0
