2021-11-24 25.0 1000.0 1000.0 1000.0 1000.0 1000.0 1000.0
2021-11-28 300.0 980.0 980.0 980.0 980.0 1000.0 980.0
2021-11-29 1200.0 950.0 960.4 960.4 940.3 1000.0 940.3
2021-11-30 475.0 946.0 950.0 950.0 945.1 1000.0 940.3
2021-12-01 405.0 950.0 945.0 950.0 943.7 1000.0 940.3
2021-12-05 150.0 940.0 943.8 944.1 940.0 1000.0 940.0
2021-12-06 50.0 940.3 942.0 942.0 940.3 1000.0 940.0
2021-12-07 215.0 945.1 941.3 945.1 941.3 1000.0 940.0
2021-12-08 275.0 943.5 942.5 945.0 942.5 1000.0 940.0
2021-12-09 185.0 943.0 945.0 945.0 943.0 1000.0 940.0
2021-12-12 100.0 942.0 942.1 942.1 942.0 1000.0 940.0
2021-12-13 230.00 941.4 941.0 950.0 941.0 1000.0 940.0
2021-12-15 825.00 945.0 940.3 945.0 940.3 1000.0 940.0
2021-12-22 50.0 943.1 942.6 943.1 942.6 1000.0 940.0
2021-12-23 175.0 942.4 941.6 942.4 941.6 1000.0 940.0
2021-12-26 100.0 941.5 941.7 941.7 941.5 1000.0 940.0
2021-12-27 75.0 938.1 937.1 938.1 937.0 1000.0 937.0
2021-12-28 210.0 933.0 936.1 936.2 933.0 1000.0 933.0
2021-12-29 30.0 930.0 930.0 930.0 930.0 1000.0 930.0
2022-01-02 125.0 931.2 933.2 933.2 931.2 1000.0 930.0
2022-01-03 180.0 932.5 940.0 940.0 932.3 1000.0 930.0
2022-01-05 40.0 930.9 931.0 931.0 930.9 1000.0 930.0
2022-01-06 105.0 930.6 930.2 931.0 930.2 1000.0 930.0
2022-01-09 190.0 943.5 930.7 943.5 925.0 1000.0 925.0
2022-01-10 90.0 949.1 930.6 949.1 930.1 1000.0 925.0
2022-01-11 100.0 985.0 968.0 985.0 968.0 1000.0 925.0
2022-01-23 10.0 965.3 965.3 965.3 965.3 1000.0 925.0
