2021-11-23 25.0 1010.6 1010.6 1010.6 1010.6 1150.0 1010.0
2021-11-25 140.0 1015.0 1015.0 1015.0 1015.0 1150.0 1010.0
2022-01-05 25.0 1025.0 1025.0 1025.0 1025.0 1150.0 1010.0
2022-01-09 25.0 1025.0 1025.0 1025.0 1025.0 1150.0 1010.0
2022-01-12 30.0 1087.7 1045.5 1087.7 1045.5 1150.0 1010.0
2022-01-25 10.0 1066.0 1066.0 1066.0 1066.0 1150.0 1010.0
2022-02-10 25.0 1044.7 1044.7 1044.7 1044.7 1150.0 1010.0
2022-02-13 25.0 1024.0 1024.0 1024.0 1024.0 1150.0 1010.0
2022-02-20 15.0 1003.6 1003.6 1003.6 1003.6 1150.0 1003.6
2022-02-22 310.0 1023.0 1003.0 1023.0 1003.0 1150.0 1003.0
