2021-11-16 23660.0 10.61 10.5 11.35 10.5 20.68 9.7
2021-11-17 82171.0 10.61 10.82 11.0 10.41 20.68 9.7
2021-11-18 83448.0 10.46 10.4 10.61 10.4 20.68 9.7
2021-11-21 6763.0 10.35 10.66 10.66 10.35 20.68 9.7
2021-11-22 16570.0 11.05 10.29 11.19 10.16 20.68 9.7
2021-11-23 17905.0 10.47 11.14 11.14 10.44 20.68 9.7
2021-11-24 9496.0 10.42 10.28 10.42 10.28 20.68 9.7
2021-11-25 4904.0 10.59 10.3 10.6 10.3 20.68 9.7
2021-11-28 3545.0 10.4 10.4 10.4 10.23 20.68 9.7
2021-11-29 2470.0 10.4 10.6 10.6 10.39 20.68 9.7
2021-11-30 69700.0 10.13 10.4 10.4 10.0 20.68 9.7
2021-12-01 13110.0 10.42 10.02 10.42 10.02 20.68 9.7
2021-12-02 57458.0 10.21 10.3 10.62 10.0 20.68 9.7
