2021-11-16 40700.0 12.0 12.2 12.25 12.0 17.71 10.59
2021-11-17 17090.0 12.25 12.23 12.25 12.05 17.71 10.59
2021-11-18 9478.0 12.04 12.03 12.05 12.02 17.71 10.59
2021-11-21 5682.0 12.2 11.94 12.2 11.94 17.71 10.59
2021-11-22 1500.0 12.1 12.2 12.2 12.1 17.71 10.59
2021-11-23 24548.0 12.0 12.1 12.1 11.98 17.71 10.59
2021-11-24 31054.0 12.01 11.96 12.02 11.96 17.71 10.59
2021-11-25 4200.0 12.03 12.01 12.2 12.01 17.71 10.59
2021-11-28 50400.0 12.06 11.8 12.15 11.8 17.71 10.72
2021-11-29 15700.0 12.1 12.1 12.1 12.0 17.71 10.72
2021-11-30 50400.0 12.07 12.06 12.12 12.06 17.71 10.72
2021-12-01 107610.0 12.11 12.0 12.2 11.9 17.71 10.72
2021-12-02 29900.0 12.1 12.02 12.11 12.01 17.71 10.72
2021-12-05 74416.0 11.97 12.15 12.15 11.97 17.71 10.72
2021-12-06 125940.0 11.96 11.97 12.0 11.9 17.71 10.72
2021-12-07 38000.0 12.01 12.01 12.04 12.01 17.71 10.72
2021-12-08 67300.0 12.0 12.1 12.1 11.95 17.71 10.92
2021-12-09 45880.0 12.1 11.99 12.1 11.94 17.71 10.92
