2021-11-16 22769.0 9.55 9.5 9.7 9.4 11.53 9.02
2021-11-17 5161.0 9.55 9.55 9.74 9.55 11.53 9.02
2021-11-18 6070.0 9.56 9.5 9.69 9.36 11.53 9.02
2021-11-21 4400.0 9.46 9.56 9.75 9.42 11.53 9.02
2021-11-22 6820.0 9.58 9.4 9.58 9.4 11.53 9.02
2021-11-23 3420.0 9.46 9.39 9.46 9.39 11.53 9.02
2021-11-24 11050.0 9.37 9.31 9.53 9.31 11.53 9.02
2021-11-25 12100.0 9.5 9.37 9.59 9.31 11.53 9.02
2021-11-28 9665.0 9.33 9.5 9.5 9.31 11.53 9.02
2021-11-29 9880.0 9.37 9.51 9.51 9.31 11.53 9.02
2021-11-30 28450.0 9.35 9.3 9.35 9.2 11.53 9.02
2021-12-01 4300.0 9.3 9.17 9.44 9.17 11.53 9.02
2021-12-02 32100.0 9.26 9.2 9.48 9.2 11.53 9.02
2021-12-05 39300.0 8.72 9.09 9.2 8.72 11.53 8.72
2021-12-06 9833.0 9.1 8.56 9.2 8.56 11.53 8.56
2021-12-07 9860.0 9.11 9.1 9.2 9.02 11.53 8.56
2021-12-08 21140.0 8.98 8.96 9.05 8.96 11.53 8.56
2021-12-09 12450.0 9.03 8.83 9.03 8.83 11.53 8.56
