2021-11-16 104559.0 870.0 825.0 870.0 820.0 1085.0 605.0
2021-11-17 143618.0 875.0 880.0 897.0 862.0 1085.0 605.0
2021-11-18 86241.0 854.0 874.0 874.0 845.9 1085.0 605.0
2021-11-21 51751.0 840.0 870.0 870.0 836.0 1085.0 605.0
2021-11-22 38185.0 850.0 855.0 860.0 832.1 1085.0 605.0
2021-11-23 64274.0 836.0 850.0 856.0 825.0 1085.0 605.0
2021-11-24 96252.0 831.0 836.0 836.0 821.7 1085.0 605.0
2021-11-25 81644.0 842.0 825.0 843.0 825.0 1085.0 605.0
2021-11-28 66398.0 817.0 835.0 835.0 813.0 1085.0 608.0
2021-11-29 73172.0 800.0 824.0 825.0 797.0 1085.0 608.0
2021-11-30 94516.0 810.0 813.8 813.8 790.0 1085.0 608.0
2021-12-01 25231.0 804.8 800.0 822.0 800.0 1085.0 608.0
2021-12-02 114952.0 788.0 805.0 805.0 780.0 1085.0 608.0
