2021-11-16 100.0 1045.0 1045.0 1045.0 1045.0 1246.0 1024.1
2021-11-22 10.0 1045.0 1045.0 1045.0 1045.0 1246.0 1024.1
2021-11-23 25.0 1045.0 1045.0 1045.0 1045.0 1246.0 1024.1
2021-12-01 25.0 1045.0 1045.0 1045.0 1045.0 1246.0 1024.1
2021-12-06 30.0 1040.0 1040.0 1040.0 1040.0 1246.0 1024.1
2021-12-09 25.0 1050.0 1050.0 1050.0 1050.0 1246.0 1024.1
2021-12-13 525.00 1040.0 1040.0 1040.0 1040.0 1246.0 1024.1
2021-12-15 125.00 1040.0 1040.0 1040.0 1040.0 1246.0 1024.1
2021-12-20 25.0 1019.3 1019.3 1019.3 1019.3 1246.0 1019.3
2021-12-28 20.0 1025.1 1025.1 1025.1 1025.1 1246.0 1019.3
2022-01-02 50.0 1030.0 1030.0 1030.0 1030.0 1246.0 1019.3
2022-01-03 30.0 1050.0 1050.0 1050.0 1050.0 1246.0 1019.3
2022-01-04 45.0 1060.0 1040.1 1060.0 1040.1 1246.0 1019.3
2022-01-05 325.0 1050.0 1050.3 1050.5 1050.0 1246.0 1019.3
2022-01-06 100.0 1065.0 1065.0 1065.0 1065.0 1246.0 1019.3
2022-01-09 50.0 1108.0 1086.3 1108.0 1086.3 1246.0 1019.3
2022-01-11 2220.0 1130.0 1118.0 1130.1 1118.0 1246.0 1019.3
2022-02-09 10.0 1089.9 1089.9 1089.9 1089.9 1246.0 1019.3
2022-02-10 10.0 1068.2 1068.2 1068.2 1068.2 1246.0 1019.3
2022-02-14 10.0 1050.0 1050.0 1050.0 1050.0 1246.0 1019.3
2022-02-17 125.0 1009.0 1029.0 1029.0 1009.0 1246.0 1009.0
2022-02-20 100.0 1000.0 1000.0 1000.0 1000.0 1246.0 1000.0
2022-02-21 75.0 1000.0 1000.0 1000.0 1000.0 1246.0 1000.0
2022-02-22 510.0 1000.0 1020.0 1020.0 1000.0 1246.0 1000.0
