2021-11-16 27975.0 10.71 10.46 10.78 10.46 17.0 9.55
2021-11-17 50500.0 10.81 10.8 10.85 10.71 17.0 9.55
2021-11-18 10500.0 10.98 10.68 10.98 10.68 17.0 9.55
2021-11-21 10800.0 10.83 11.05 11.05 10.83 17.0 9.55
2021-11-22 2700.0 10.71 10.66 10.71 10.66 17.0 9.55
2021-11-23 300.0 10.7 10.91 10.91 10.7 17.0 9.55
2021-11-24 15500.0 10.7 10.7 10.73 10.56 17.0 9.55
2021-11-25 21200.0 10.84 10.65 10.86 10.65 17.0 9.55
2021-11-28 26900.0 10.68 10.63 10.68 10.36 17.0 9.55
2021-11-29 1600.0 10.6 10.6 10.6 10.6 17.0 9.55
2021-11-30 14500.0 10.64 10.72 10.79 10.64 17.0 9.55
2021-12-02 8850.0 10.61 10.8 10.8 10.6 17.0 9.55
2021-12-05 3050.0 10.42 10.82 10.82 10.41 17.0 9.55
2021-12-06 13615.0 10.6 10.26 10.6 10.24 17.0 9.55
2021-12-07 17670.0 10.65 10.45 10.65 10.45 17.0 9.55
2021-12-08 37500.0 10.3 10.5 10.52 10.3 17.0 9.55
2021-12-09 57550.0 10.25 10.13 10.33 10.13 17.0 9.55
2021-12-12 8800.0 10.2 10.21 10.22 10.2 17.0 9.6
2021-12-13 56500.00 10.2 10.4 10.4 10.05 17.0 9.6
2021-12-14 12500.00 10.3 10.39 10.39 10.29 17.0 9.65
2021-12-15 27950.00 10.4 10.5 10.5 10.22 17.0 9.65
2021-12-16 9400.0 10.4 10.6 10.6 10.4 17.0 9.65
2021-12-20 87325.0 10.34 10.3 10.34 10.14 17.0 9.65
2021-12-21 51000.0 10.38 10.25 10.38 10.14 17.0 9.65
2021-12-22 13800.0 10.58 10.3 10.58 10.3 17.0 9.65
2021-12-23 22875.0 10.51 10.79 10.79 10.5 17.0 9.65
2021-12-26 16875.0 10.42 10.72 10.93 10.37 17.0 9.65
2021-12-27 17600.0 10.51 10.41 10.52 10.41 17.0 9.65
2021-12-28 20100.0 10.5 10.35 10.5 10.31 17.0 9.65
2021-12-29 21100.0 10.3 10.5 10.5 10.3 17.0 9.65
2022-01-02 3968.0 10.5 10.3 10.65 10.3 17.0 9.92
2022-01-04 32100.0 10.73 10.3 10.9 10.3 17.0 9.92
2022-01-05 8500.0 10.74 10.6 10.74 10.42 17.0 9.92
2022-01-06 1400.0 10.78 10.88 10.88 10.63 17.0 9.92
2022-01-09 52700.0 10.81 10.97 10.97 10.81 17.0 9.92
2022-01-10 73480.0 10.85 11.0 11.22 10.85 17.0 9.92
2022-01-11 101000.0 11.04 11.0 11.04 10.93 17.0 9.92
2022-01-12 62425.0 11.01 11.15 11.4 10.96 17.0 9.92
2022-01-13 15850.0 11.2 11.02 11.2 11.01 17.0 9.92
2022-01-16 115000.0 11.25 11.0 11.35 11.0 17.0 9.92
2022-01-17 10300.0 11.26 11.03 11.34 11.03 17.0 9.92
2022-01-18 95882.0 11.41 11.09 11.55 11.09 17.0 9.92
2022-01-19 76000.0 11.4 11.42 11.5 11.39 17.0 9.92
2022-01-20 30600.0 11.54 11.39 11.54 11.36 17.0 9.92
2022-01-23 16050.0 11.4 11.54 11.54 11.4 17.0 9.92
2022-01-24 83330.0 11.16 11.2 11.6 11.12 17.0 9.92
2022-01-25 72700.0 11.28 11.16 11.28 11.09 17.0 9.92
2022-01-26 22350.0 11.28 11.2 11.28 11.07 17.0 9.92
2022-01-27 47865.0 11.42 11.3 11.42 11.29 17.0 9.92
2022-01-30 50380.0 11.36 11.23 11.48 11.23 17.0 9.92
2022-01-31 2700.0 11.29 11.26 11.45 11.26 17.0 9.92
2022-02-01 134325.0 11.5 11.5 11.5 11.28 17.0 9.92
2022-02-03 14600.0 11.58 11.5 11.65 11.31 17.0 9.92
2022-02-06 10200.0 11.35 11.35 11.35 11.35 17.0 9.92
2022-02-07 5875.0 11.25 11.5 11.5 11.25 17.0 9.92
2022-02-09 13200.0 11.19 11.3 11.3 11.16 17.0 9.92
2022-02-10 12500.0 11.32 11.07 11.32 11.07 17.0 9.92
2022-02-13 118300.0 10.9 11.1 11.1 10.9 17.0 9.92
2022-02-14 259415.0 11.15 11.11 11.18 10.75 17.0 9.92
2022-02-15 1200.0 10.8 10.94 10.94 10.8 17.0 9.92
2022-02-16 17400.0 11.11 11.0 11.22 10.92 17.0 9.92
2022-02-17 2000.0 11.2 11.0 11.2 11.0 17.0 9.92
2022-02-20 38475.0 10.84 11.1 11.1 10.84 17.0 9.92
2022-02-21 1500.0 10.82 10.8 10.83 10.8 17.0 9.92
2022-02-22 4375.0 10.9 10.9 10.9 10.9 17.0 9.92
