2021-11-16 12300.0 11.69 11.7 11.7 11.42 18.12 10.01
2021-11-17 5450.0 11.98 11.49 11.98 11.49 18.12 10.01
2021-11-18 26500.0 11.75 11.75 11.96 11.75 18.12 10.01
2021-11-21 26300.0 11.61 11.75 11.75 11.52 18.12 10.01
2021-11-22 31200.0 11.52 11.61 11.7 11.5 18.12 10.01
2021-11-23 18300.0 11.56 11.7 11.7 11.56 18.12 10.01
2021-11-24 19000.0 11.49 11.42 11.58 11.36 18.12 10.01
2021-11-25 53101.0 11.85 11.3 11.98 11.3 18.12 10.01
2021-11-28 18600.0 11.54 11.64 11.64 11.43 18.12 10.01
2021-11-29 2100.0 11.7 11.54 11.7 11.54 18.12 10.01
2021-11-30 25000.0 11.7 11.7 11.73 11.55 18.12 10.01
2021-12-01 11200.0 11.7 11.53 11.7 11.52 18.12 10.01
2021-12-02 89132.0 11.34 11.85 11.85 11.34 18.12 10.01
2021-12-05 128824.0 11.2 11.25 11.25 11.09 18.12 10.01
2021-12-06 7000.0 11.18 11.42 11.42 11.18 18.12 10.01
2021-12-07 14400.0 11.38 11.18 11.38 11.18 18.12 10.01
2021-12-08 58000.0 11.21 11.5 11.6 11.21 18.12 10.01
2021-12-09 1900.0 11.09 10.99 11.3 10.88 18.12 10.01
2021-12-12 70000.0 11.05 11.04 11.3 11.04 18.12 10.01
2021-12-13 49500.00 11.04 11.05 11.27 10.83 18.12 10.01
2021-12-14 16500.00 11.26 11.24 11.26 11.24 18.12 10.01
2021-12-15 9651.00 11.18 11.3 11.4 11.18 18.12 10.01
2021-12-16 21100.0 11.13 11.35 11.35 11.13 18.12 10.01
2021-12-20 150.0 10.94 10.94 10.94 10.94 18.12 10.01
2021-12-21 6000.0 11.15 11.1 11.15 11.1 18.12 10.01
2021-12-22 1500.0 11.15 11.15 11.15 11.15 18.12 10.16
2021-12-23 11250.0 11.2 11.16 11.21 11.16 18.12 10.16
2021-12-26 32250.0 11.42 11.42 11.42 11.15 18.12 10.2
2021-12-27 36000.0 11.41 11.4 11.42 11.35 18.12 10.2
2021-12-28 58490.0 11.15 11.19 11.19 10.97 18.12 10.2
2021-12-29 20200.0 11.19 11.15 11.19 11.09 18.12 10.2
2022-01-02 53000.0 11.1 11.4 11.4 11.1 18.12 10.29
2022-01-03 1700.0 11.12 11.1 11.12 11.1 18.12 10.29
2022-01-04 102500.0 11.75 11.25 11.85 11.25 18.12 10.29
2022-01-05 2200.0 11.52 11.52 11.75 11.52 18.12 10.29
2022-01-06 21650.0 11.36 11.29 11.36 11.29 18.12 10.43
2022-01-09 19050.0 11.57 11.4 11.62 11.4 18.12 10.43
2022-01-10 83600.0 11.63 11.79 11.8 11.63 18.12 10.43
2022-01-11 167600.0 11.71 11.7 11.97 11.7 18.12 10.43
2022-01-12 71271.0 11.9 11.77 12.1 11.77 18.12 10.43
2022-01-13 17300.0 11.85 12.0 12.0 11.81 18.12 10.43
2022-01-16 36100.0 12.05 12.0 12.23 11.91 18.12 10.43
2022-01-17 12850.0 12.2 12.0 12.34 12.0 18.12 10.43
2022-01-18 56346.0 12.57 12.12 12.59 12.12 18.12 10.43
2022-01-19 67734.0 12.3 12.8 12.8 12.3 18.12 10.43
2022-01-20 104218.0 12.3 12.3 12.3 12.15 18.12 10.43
2022-01-23 202460.0 12.62 12.45 12.62 12.3 18.12 10.43
2022-01-24 96222.0 12.44 12.38 12.44 12.2 18.12 10.43
2022-01-25 20900.0 12.25 12.22 12.25 12.07 18.12 10.43
2022-01-26 62100.0 12.12 12.11 12.12 12.06 18.12 10.43
2022-01-27 35701.0 12.3 12.35 12.41 12.3 18.12 10.43
2022-01-30 54200.0 12.4 12.25 12.4 12.25 18.12 10.43
2022-01-31 30742.0 12.4 12.45 12.59 12.35 18.12 10.43
2022-02-01 1400.0 12.35 12.59 12.59 12.34 18.12 10.43
2022-02-03 19746.0 12.4 12.22 12.46 12.22 18.12 10.43
2022-02-06 11400.0 12.32 12.31 12.49 12.31 18.12 10.43
2022-02-07 32700.0 12.44 12.16 12.44 12.16 18.12 10.43
2022-02-09 700.0 12.25 12.23 12.25 12.23 18.12 10.43
2022-02-10 15800.0 12.38 12.05 12.49 12.05 18.12 10.43
2022-02-13 5300.0 12.12 12.15 12.15 12.0 18.12 10.43
2022-02-14 15500.0 12.34 12.0 12.34 12.0 18.12 10.43
2022-02-15 3300.0 12.11 12.13 12.2 12.06 18.12 10.43
2022-02-16 7200.0 12.1 12.01 12.15 12.0 18.12 10.43
2022-02-17 2600.0 12.0 12.0 12.1 12.0 18.12 10.43
2022-02-20 34300.0 11.83 11.95 11.95 11.83 18.12 10.43
2022-02-22 5100.0 11.85 11.8 11.85 11.8 18.12 10.43
