2021-11-16 16780.0 1276.0 1177.0 1306.4 1177.0 2037.0 780.0
2021-11-17 31637.0 1291.0 1280.0 1327.5 1280.0 2037.0 780.0
2021-11-18 15663.0 1272.0 1290.0 1316.0 1268.0 2037.0 780.0
2021-11-21 11212.0 1270.2 1252.1 1276.0 1252.0 2037.0 780.0
2021-11-22 14018.0 1276.0 1293.3 1300.0 1270.0 2037.0 780.0
2021-11-23 22252.0 1260.0 1276.0 1299.9 1250.0 2037.0 780.0
2021-11-24 9818.0 1233.1 1235.0 1245.0 1220.0 2037.0 780.0
2021-11-25 5382.0 1220.2 1250.0 1250.0 1220.1 2037.0 780.0
2021-11-28 21071.0 1189.0 1196.0 1244.0 1175.0 2037.0 780.0
2021-11-29 8098.0 1191.0 1175.0 1231.1 1175.0 2037.0 780.0
2021-11-30 8278.0 1180.0 1212.1 1212.5 1172.0 2037.0 780.0
2021-12-01 4872.0 1173.1 1182.0 1191.0 1172.4 2037.0 780.0
2021-12-02 11463.0 1137.0 1173.0 1188.8 1137.0 2037.0 780.0
2021-12-05 13341.0 1091.0 1114.6 1114.6 1081.1 2037.0 780.0
2021-12-06 11990.0 1100.0 1071.0 1150.0 1060.0 2037.0 780.0
2021-12-07 7262.0 1100.0 1103.1 1140.0 1100.0 2037.0 780.0
2021-12-08 6817.0 1070.0 1110.0 1110.0 1068.0 2037.0 780.0
2021-12-09 17197.0 1026.0 1050.0 1061.0 1026.0 2037.0 780.0
