2021-11-16 12882.0 845.0 826.0 845.0 826.0 1294.0 549.0
2021-11-17 13067.0 860.1 855.0 879.8 855.0 1294.0 549.0
2021-11-18 14320.0 840.0 850.0 870.0 837.0 1294.0 549.0
2021-11-21 15485.0 848.0 854.0 865.0 824.0 1294.0 549.0
2021-11-22 62952.0 882.6 848.1 922.8 848.1 1294.0 549.0
2021-11-23 19140.0 860.0 880.0 880.0 854.0 1294.0 549.0
2021-11-24 17490.0 870.0 850.0 895.7 837.0 1294.0 549.0
2021-11-25 8918.0 845.0 885.0 885.0 844.0 1294.0 549.0
2021-11-28 16285.0 811.0 834.0 836.0 810.0 1294.0 549.0
2021-11-29 11019.0 802.0 810.0 825.0 796.0 1294.0 549.0
2021-11-30 8870.0 800.0 805.0 806.0 790.0 1294.0 549.0
2021-12-01 8002.0 807.1 816.0 816.0 800.0 1294.0 549.0
2021-12-02 12969.0 790.0 821.0 821.0 785.0 1294.0 549.0
