2021-11-16 11270.0 9.7 9.5 9.7 9.44 10.1 9.01
2021-11-17 5438.0 9.55 9.53 9.7 9.51 10.1 9.01
2021-11-18 13362.0 9.68 9.36 9.68 9.36 10.1 9.01
2021-11-21 5000.0 9.49 9.55 9.55 9.49 10.1 9.01
2021-11-22 9950.0 9.49 9.5 9.69 9.49 10.1 9.01
2021-11-23 17023.0 9.41 9.39 9.5 9.38 10.1 9.01
2021-11-24 10600.0 9.29 9.31 9.59 9.26 10.1 9.01
2021-11-25 21200.0 9.31 9.29 9.48 9.29 10.1 9.01
2021-11-28 4700.0 9.27 9.25 9.44 9.25 10.1 9.01
2021-11-29 15600.0 9.2 9.15 9.38 9.15 10.1 9.01
2021-11-30 17300.0 9.38 9.2 9.38 9.2 10.1 9.01
2021-12-01 10320.0 9.5 9.39 9.5 9.22 10.1 9.01
2021-12-02 4400.0 9.25 9.32 9.32 9.2 10.1 9.01
2021-12-05 36950.0 9.07 9.3 9.3 9.07 10.1 9.01
2021-12-06 16400.0 9.06 9.25 9.25 9.0 10.1 9.0
2021-12-07 5967.0 9.05 8.89 9.2 8.89 10.1 8.89
2021-12-08 8860.0 9.03 8.9 9.1 8.9 10.1 8.89
2021-12-09 8400.0 9.0 9.0 9.1 8.88 10.1 8.88
2021-12-12 24066.0 8.91 8.95 9.1 8.91 10.1 8.88
2021-12-13 40439.00 8.8 8.91 9.08 8.75 10.1 8.75
2021-12-14 4100.00 9.28 8.8 9.28 8.76 10.1 8.75
2021-12-15 23510.00 9.27 9.1 9.27 8.93 10.1 8.75
2021-12-16 430.0 9.44 9.35 9.44 9.35 10.1 8.75
2021-12-20 2100.0 9.0 9.26 9.26 8.93 10.1 8.75
2021-12-21 9900.0 8.89 8.83 9.04 8.83 10.1 8.75
2021-12-22 4100.0 8.88 9.0 9.18 8.82 10.1 8.75
2021-12-23 3100.0 8.95 8.8 9.05 8.78 10.1 8.75
2021-12-26 33350.0 8.99 8.95 9.12 8.78 10.1 8.75
2021-12-27 17000.0 8.9 8.85 9.0 8.85 10.1 8.75
2021-12-28 1800.0 8.95 8.76 8.95 8.76 10.1 8.75
2021-12-29 9460.0 8.87 8.9 8.98 8.78 10.1 8.75
2022-01-02 5250.0 9.0 8.87 9.0 8.83 10.1 8.75
2022-01-03 1950.0 9.0 8.88 9.12 8.88 10.1 8.75
2022-01-04 42050.0 9.18 9.0 9.18 8.9 10.1 8.75
2022-01-05 5200.0 8.94 9.0 9.19 8.9 10.1 8.75
2022-01-06 33300.0 9.12 8.77 9.18 8.77 10.1 8.75
2022-01-09 22190.0 9.13 9.03 9.3 9.03 10.1 8.75
2022-01-10 24060.0 9.26 9.0 9.28 9.0 10.1 8.75
2022-01-11 10095.0 9.42 9.26 9.42 9.09 10.1 8.75
2022-01-12 14700.0 9.25 9.25 9.35 9.25 10.1 8.75
2022-01-13 33000.0 9.12 9.25 9.28 9.07 10.1 8.75
2022-01-16 25327.0 9.26 9.0 9.4 9.0 10.1 8.75
2022-01-17 37340.0 9.25 9.44 9.44 9.2 10.1 8.75
2022-01-18 38000.0 9.37 9.27 9.45 9.26 10.1 8.75
2022-01-19 25680.0 9.35 9.19 9.48 9.19 10.1 8.75
2022-01-20 4440.0 9.36 9.35 9.4 9.32 10.1 8.75
2022-01-23 31950.0 9.26 9.19 9.45 9.1 10.1 8.75
2022-01-24 25143.0 9.15 9.14 9.25 9.14 10.1 8.75
2022-01-25 6000.0 9.17 9.0 9.2 9.0 10.1 8.75
2022-01-26 23500.0 9.2 9.05 9.34 9.05 10.1 8.75
2022-01-27 41100.0 9.4 9.2 9.4 9.05 10.1 8.75
2022-01-30 14250.0 9.19 9.58 9.58 9.08 10.1 8.75
2022-01-31 33050.0 9.35 9.02 9.36 9.02 10.1 8.75
2022-02-01 25875.0 9.25 9.17 9.53 9.02 10.1 8.75
2022-02-03 81275.0 9.07 9.11 9.25 9.07 10.1 8.75
2022-02-06 13750.0 9.23 8.89 9.23 8.89 10.1 8.75
2022-02-07 22130.0 9.12 9.1 9.28 9.0 10.1 8.75
2022-02-09 6460.0 9.15 8.92 9.26 8.92 10.1 8.75
2022-02-10 4783.0 9.16 8.97 9.2 8.97 10.1 8.75
2022-02-13 32200.0 9.08 9.0 9.08 8.92 10.1 8.75
2022-02-14 9230.0 9.0 9.0 9.18 8.92 10.1 8.75
2022-02-15 10850.0 9.06 9.0 9.06 8.9 10.1 8.75
2022-02-16 3100.0 9.1 9.06 9.1 8.95 10.1 8.75
2022-02-17 12700.0 9.1 9.0 9.1 8.94 10.1 8.75
2022-02-20 7400.0 8.96 9.2 9.2 8.94 10.1 8.75
2022-02-21 4910.0 8.93 8.83 9.0 8.83 10.1 8.75
2022-02-22 3100.0 9.01 8.93 9.1 8.92 10.1 8.75
