2021-11-16 76190.0 358.0 350.0 367.2 350.0 726.0 326.0
2021-11-17 113811.0 361.5 365.0 370.0 360.1 726.0 326.0
2021-11-18 114092.0 357.0 361.0 365.0 356.1 726.0 326.0
2021-11-21 86458.0 355.4 360.0 364.0 354.0 726.0 326.0
2021-11-22 128568.0 358.9 355.0 363.0 353.0 726.0 326.0
2021-11-23 84926.0 353.0 358.9 361.0 351.9 726.0 326.0
2021-11-24 204852.0 358.0 360.0 360.0 350.0 726.0 326.0
2021-11-25 131504.0 335.0 338.1 338.1 332.0 726.0 326.0
2021-11-28 177279.0 321.0 336.0 336.0 313.6 726.0 313.6
2021-11-29 81228.0 316.2 321.0 321.0 316.0 726.0 313.6
2021-11-30 91375.0 312.5 317.0 320.0 308.0 726.0 308.0
2021-12-01 77321.0 313.6 310.0 316.1 310.0 726.0 308.0
2021-12-02 71495.0 310.0 307.4 316.0 307.4 726.0 307.4
