2021-11-16 27664.0 1260.0 1263.0 1269.0 1240.0 1900.0 825.0
2021-11-17 18615.0 1250.0 1260.0 1280.0 1250.0 1900.0 825.0
2021-11-18 17174.0 1229.0 1237.0 1251.0 1228.0 1900.0 825.0
2021-11-21 16080.0 1230.0 1230.0 1240.0 1219.0 1900.0 980.0
2021-11-22 11981.0 1244.0 1225.0 1259.0 1225.0 1900.0 980.0
2021-11-23 12616.0 1222.0 1267.0 1267.0 1212.0 1900.0 980.0
2021-11-24 17229.0 1217.0 1212.1 1226.0 1202.0 1900.0 980.0
2021-11-25 6188.0 1211.0 1225.0 1239.0 1210.0 1900.0 1050.0
2021-11-28 32861.0 1179.0 1186.8 1213.8 1139.1 1900.0 1050.0
2021-11-29 15966.0 1155.0 1157.0 1195.5 1143.0 1900.0 1050.0
2021-11-30 13088.0 1159.0 1144.0 1164.8 1140.1 1900.0 1057.0
2021-12-01 6560.0 1161.0 1182.0 1182.0 1155.0 1900.0 1057.0
2021-12-02 17598.0 1125.0 1184.0 1184.0 1119.3 1900.0 1057.0
2021-12-05 28654.0 1076.0 1109.1 1125.0 1075.0 1900.0 1057.0
2021-12-06 25489.0 1069.9 1076.0 1095.0 1030.0 1900.0 1030.0
2021-12-07 17758.0 1065.0 1091.2 1120.0 1065.0 1900.0 1030.0
2021-12-08 13916.0 1037.0 1075.0 1075.0 1035.0 1900.0 1030.0
2021-12-09 8631.0 1042.0 1037.0 1053.0 1029.0 1900.0 1029.0
2021-12-12 15551.0 996.0 1042.1 1045.0 994.7 1900.0 994.7
2021-12-13 22197.00 956.0 996.0 996.0 955.0 1900.0 955.0
2021-12-14 5622.00 1017.0 974.0 1017.0 973.1 1900.0 955.0
2021-12-15 21013.00 1010.0 1037.3 1085.1 999.6 1900.0 955.0
2021-12-16 12462.0 990.0 995.0 1009.0 988.0 1900.0 955.0
2021-12-20 12057.0 969.0 979.0 990.0 950.0 1900.0 950.0
2021-12-21 8707.0 990.0 988.3 1008.0 975.0 1900.0 950.0
2021-12-22 11229.0 1023.0 1009.0 1038.0 1000.0 1900.0 950.0
2021-12-23 33290.0 1105.0 1043.0 1115.0 1027.0 1900.0 950.0
2021-12-26 42263.0 1212.0 1127.0 1215.0 1113.5 1900.0 950.0
2021-12-27 46463.0 1142.0 1236.0 1250.0 1139.0 1900.0 950.0
2021-12-28 21547.0 1123.0 1120.0 1141.0 1097.6 1900.0 950.0
2021-12-29 13960.0 1145.0 1115.0 1152.6 1115.0 1900.0 950.0
2022-01-02 26952.0 1193.0 1132.1 1195.0 1132.0 1900.0 950.0
2022-01-03 35157.0 1200.0 1215.0 1230.0 1172.0 1900.0 950.0
2022-01-04 12984.0 1200.0 1185.0 1220.0 1184.0 1900.0 950.0
2022-01-05 17931.0 1175.0 1180.0 1213.0 1170.0 1900.0 950.0
2022-01-06 20631.0 1199.0 1175.0 1205.0 1162.3 1900.0 950.0
2022-01-09 34745.0 1225.0 1205.0 1243.0 1205.0 1900.0 950.0
2022-01-10 39152.0 1250.0 1210.3 1254.6 1210.3 1900.0 950.0
2022-01-11 34353.0 1280.0 1255.0 1294.0 1241.0 1900.0 950.0
2022-01-12 38802.0 1241.0 1281.0 1295.0 1241.0 1900.0 950.0
2022-01-13 47814.0 1315.0 1250.0 1340.0 1250.0 1900.0 950.0
2022-01-16 47848.0 1340.0 1340.0 1380.0 1336.0 1900.0 950.0
2022-01-17 73084.0 1323.0 1366.0 1375.0 1314.1 1900.0 950.0
2022-01-18 48203.0 1290.0 1340.0 1340.0 1284.0 1900.0 950.0
2022-01-19 36791.0 1274.0 1295.0 1308.0 1270.1 1900.0 950.0
2022-01-20 35949.0 1307.0 1290.0 1309.0 1270.0 1900.0 950.0
2022-01-23 35352.0 1311.0 1326.0 1332.0 1299.0 1900.0 950.0
2022-01-24 47730.0 1275.0 1309.0 1309.0 1265.0 1900.0 950.0
2022-01-25 20865.0 1266.0 1275.0 1294.0 1264.1 1900.0 950.0
2022-01-26 26513.0 1250.0 1255.0 1276.0 1231.1 1900.0 950.0
2022-01-27 26877.0 1272.0 1249.0 1295.4 1249.0 1900.0 950.0
2022-01-30 34585.0 1309.0 1297.4 1323.0 1290.0 1900.0 950.0
2022-01-31 23025.0 1291.0 1324.0 1324.0 1285.0 1900.0 950.0
2022-02-01 15747.0 1300.0 1291.0 1300.0 1280.0 1900.0 950.0
2022-02-03 39543.0 1299.0 1326.0 1326.0 1294.0 1900.0 950.0
2022-02-06 12426.0 1276.0 1295.0 1295.0 1275.0 1900.0 950.0
2022-02-07 18372.0 1287.4 1260.0 1327.0 1260.0 1900.0 950.0
2022-02-09 14816.0 1266.0 1276.0 1289.0 1255.0 1900.0 950.0
2022-02-10 11051.0 1263.9 1260.0 1285.0 1255.0 1900.0 950.0
2022-02-13 30195.0 1210.0 1240.0 1240.0 1195.0 1900.0 950.0
2022-02-14 17564.0 1192.0 1230.0 1230.0 1189.1 1900.0 950.0
2022-02-15 10432.0 1204.0 1215.0 1215.0 1179.0 1900.0 950.0
2022-02-16 11405.0 1170.0 1190.0 1214.5 1170.0 1900.0 950.0
2022-02-17 10314.0 1185.0 1193.0 1199.0 1176.0 1850.0 950.0
2022-02-20 22433.0 1145.1 1161.3 1184.0 1140.0 1807.0 950.0
2022-02-21 17686.0 1144.0 1155.0 1168.0 1130.0 1807.0 950.0
2022-02-22 8621.0 1158.8 1155.0 1166.0 1146.0 1807.0 950.0
