2021-11-16 4886.0 1429.0 1425.0 1429.0 1400.1 1885.0 787.0
2021-11-17 7527.0 1431.0 1429.0 1440.0 1417.0 1885.0 787.0
2021-11-18 7513.0 1400.0 1451.0 1451.0 1400.0 1885.0 787.0
2021-11-21 1054.0 1395.0 1401.0 1405.0 1372.0 1885.0 791.0
2021-11-22 952.0 1390.0 1415.0 1415.0 1390.0 1885.0 791.0
2021-11-23 6331.0 1387.0 1417.0 1420.0 1372.1 1885.0 791.0
2021-11-24 5596.0 1395.0 1360.0 1400.0 1360.0 1885.0 791.0
2021-11-25 4238.0 1384.0 1407.0 1407.0 1371.0 1885.0 801.0
2021-11-28 7690.0 1343.0 1360.0 1370.0 1330.0 1885.0 806.0
2021-11-29 3075.0 1343.0 1349.0 1350.0 1322.0 1885.0 806.0
2021-11-30 2894.0 1329.0 1360.0 1360.0 1303.0 1885.0 806.0
2021-12-01 2882.0 1329.0 1350.0 1350.0 1303.0 1885.0 851.0
2021-12-02 3768.0 1302.0 1320.0 1335.0 1291.0 1885.0 903.0
2021-12-05 4050.0 1278.0 1302.0 1311.0 1270.0 1885.0 903.0
2021-12-06 5280.0 1295.0 1278.0 1295.0 1253.0 1885.0 903.0
2021-12-07 3314.0 1277.0 1300.0 1320.0 1276.1 1885.0 903.0
2021-12-08 3519.0 1251.0 1252.2 1301.1 1248.0 1885.0 907.0
2021-12-09 8896.0 1264.9 1270.0 1275.0 1250.0 1885.0 907.0
