2021-11-16 7227.0 936.0 928.0 945.0 907.9 1422.0 675.0
2021-11-17 7225.0 936.0 925.0 954.0 925.0 1422.0 675.0
2021-11-18 6958.0 917.0 920.0 930.0 916.0 1422.0 675.0
2021-11-21 7849.0 915.0 911.0 915.0 899.0 1422.0 675.0
2021-11-22 12198.0 919.0 897.0 965.4 897.0 1422.0 675.0
2021-11-23 16677.0 901.0 910.0 920.0 889.0 1422.0 675.0
2021-11-24 5093.0 897.9 884.1 900.0 867.0 1422.0 675.0
2021-11-25 9383.0 890.0 890.0 894.0 870.0 1422.0 675.0
2021-11-28 9230.0 858.0 873.0 890.0 843.8 1422.0 675.0
2021-11-29 6767.0 850.0 858.0 859.6 841.0 1422.0 675.0
2021-11-30 5447.0 848.0 860.0 860.0 820.0 1422.0 675.0
2021-12-01 2195.0 840.0 835.0 849.0 832.0 1422.0 675.0
2021-12-02 7840.0 829.8 840.0 840.0 812.0 1422.0 675.0
2021-12-05 8230.0 809.9 815.0 819.0 795.0 1422.0 675.0
2021-12-06 13295.0 825.0 802.0 825.0 780.0 1422.0 675.0
2021-12-07 11904.0 835.3 825.0 840.0 802.6 1422.0 675.0
2021-12-08 4037.0 798.0 819.0 819.0 792.0 1422.0 675.0
2021-12-09 11885.0 780.1 785.5 797.0 757.0 1422.0 675.0
