2021-11-16 98117.0 1603.0 1580.0 1605.0 1551.0 3000.0 1519.0
2021-11-17 53860.0 1599.0 1610.0 1632.0 1598.0 3000.0 1519.0
2021-11-18 55912.0 1574.0 1599.0 1599.0 1570.0 3000.0 1519.0
2021-11-21 49027.0 1553.0 1560.0 1570.0 1550.0 3000.0 1550.0
2021-11-22 35236.0 1553.0 1560.0 1570.0 1550.0 3000.0 1550.0
2021-11-23 41069.0 1540.0 1554.9 1554.9 1519.0 3000.0 1519.0
2021-11-24 38782.0 1523.0 1560.0 1560.0 1507.0 3000.0 1507.0
2021-11-25 39080.0 1533.0 1530.1 1538.9 1500.0 3000.0 1500.0
2021-11-28 81280.0 1487.0 1520.0 1525.5 1458.3 3000.0 1458.3
2021-11-29 29318.0 1475.3 1487.0 1508.0 1470.0 3000.0 1458.3
2021-11-30 30862.0 1478.0 1500.0 1500.0 1460.4 3000.0 1458.3
2021-12-01 29453.0 1465.1 1479.0 1497.0 1460.0 3000.0 1458.3
2021-12-02 33324.0 1445.0 1466.0 1473.0 1443.0 3000.0 1443.0
