2021-11-16 31269.0 1040.0 1015.0 1048.0 1000.0 1411.0 805.0
2021-11-17 24255.0 1016.0 1055.0 1065.0 1016.0 1411.0 805.0
2021-11-18 22377.0 1000.0 1036.3 1036.3 999.9 1411.0 805.0
2021-11-21 10198.0 999.5 1005.0 1018.0 987.0 1411.0 856.0
2021-11-22 10819.0 995.1 1000.0 1009.0 995.1 1411.0 856.0
2021-11-23 13071.0 988.0 977.1 1000.0 977.0 1411.0 856.0
2021-11-24 12870.0 987.0 968.4 995.0 950.0 1411.0 864.0
2021-11-25 24823.0 966.0 995.0 995.0 932.5 1411.0 886.1
2021-11-28 64801.0 923.0 955.1 962.1 910.0 1411.0 886.1
2021-11-29 34701.0 905.0 940.0 948.0 902.0 1411.0 886.1
2021-11-30 28395.0 905.0 923.1 940.0 893.1 1411.0 886.1
2021-12-01 9115.0 905.0 923.0 923.0 905.0 1411.0 886.1
2021-12-02 23413.0 890.0 921.9 921.9 887.0 1411.0 886.1
2021-12-05 16815.0 877.1 882.0 900.0 874.3 1411.0 874.3
2021-12-06 20439.0 890.0 894.0 909.0 865.0 1411.0 865.0
2021-12-07 12322.0 870.0 900.0 918.0 869.0 1411.0 865.0
2021-12-08 14362.0 850.0 878.0 880.0 848.0 1411.0 848.0
2021-12-09 12513.0 842.0 837.0 849.0 835.0 1411.0 835.0
2021-12-12 24467.0 800.0 844.1 844.1 800.0 1411.0 800.0
2021-12-13 17302.00 792.9 785.0 804.0 780.0 1411.0 780.0
2021-12-14 11210.00 830.2 799.9 843.0 788.0 1411.0 780.0
2021-12-15 16374.00 820.0 846.0 862.0 813.5 1411.0 780.0
2021-12-16 19473.0 802.0 803.6 815.0 789.0 1411.0 780.0
2021-12-20 8939.0 794.0 800.0 809.0 786.0 1411.0 780.0
2021-12-21 5019.0 813.0 809.0 825.0 794.0 1411.0 780.0
2021-12-22 22827.0 849.0 820.0 858.9 815.0 1411.0 780.0
2021-12-23 29155.0 865.0 849.0 875.0 840.0 1411.0 780.0
2021-12-26 59640.0 951.5 882.0 951.5 882.0 1411.0 780.0
2021-12-27 97317.0 931.0 970.5 1000.0 931.0 1411.0 780.0
2021-12-28 18509.0 928.0 912.4 937.0 912.4 1411.0 780.0
2021-12-29 16136.0 944.5 940.0 947.0 912.0 1411.0 780.0
2022-01-02 37160.0 975.0 930.1 977.0 929.0 1411.0 780.0
2022-01-03 55842.0 985.0 990.0 1005.0 972.0 1411.0 780.0
2022-01-04 53778.0 995.0 986.0 1000.0 977.0 1411.0 780.0
2022-01-05 34101.0 977.0 997.0 1009.0 972.0 1411.0 780.0
2022-01-06 15442.0 980.0 977.0 985.0 963.0 1411.0 780.0
2022-01-09 53220.0 1012.0 999.6 1012.0 982.0 1411.0 780.0
2022-01-10 155500.0 1080.0 1030.0 1087.0 998.0 1411.0 780.0
2022-01-11 99844.0 1124.0 1070.0 1133.0 1066.0 1411.0 780.0
2022-01-12 73818.0 1085.0 1144.0 1144.0 1080.0 1411.0 780.0
2022-01-13 82225.0 1107.0 1071.0 1122.0 1070.0 1411.0 780.0
2022-01-16 91143.0 1126.9 1129.0 1147.0 1120.0 1411.0 780.0
2022-01-17 98271.0 1137.0 1140.0 1161.0 1120.0 1411.0 780.0
2022-01-18 61478.0 1138.1 1155.0 1165.0 1133.0 1411.0 780.0
2022-01-19 46007.0 1127.0 1140.0 1150.0 1121.0 1411.0 780.0
2022-01-20 84489.0 1162.0 1114.1 1165.0 1114.0 1411.0 780.0
2022-01-23 75341.0 1164.9 1165.0 1179.0 1146.0 1411.0 780.0
2022-01-24 94027.0 1120.0 1147.7 1150.0 1108.0 1411.0 780.0
2022-01-25 80825.0 1120.0 1135.0 1136.0 1100.0 1411.0 780.0
2022-01-26 72278.0 1120.0 1142.4 1142.4 1086.0 1411.0 780.0
2022-01-27 175444.0 1131.0 1142.4 1165.0 1129.5 1411.0 780.0
2022-01-30 101886.0 1154.0 1153.6 1174.0 1140.1 1411.0 780.0
2022-01-31 42392.0 1130.1 1155.0 1155.0 1130.0 1411.0 780.0
2022-02-01 52412.0 1130.0 1129.0 1135.0 1124.1 1411.0 780.0
2022-02-03 42862.0 1115.0 1148.0 1148.0 1115.0 1411.0 780.0
2022-02-06 38584.0 1114.0 1115.0 1134.0 1112.0 1411.0 780.0
2022-02-07 26730.0 1129.0 1129.0 1129.0 1113.0 1411.0 780.0
2022-02-09 18120.0 1108.1 1101.1 1122.0 1100.1 1355.0 780.0
2022-02-10 31282.0 1112.0 1102.3 1125.0 1100.0 1355.0 780.0
2022-02-13 45828.0 1068.0 1089.8 1089.8 1047.0 1355.0 780.0
2022-02-14 28323.0 1069.0 1087.0 1088.7 1065.0 1355.0 780.0
2022-02-15 23050.0 1088.0 1081.0 1090.0 1065.0 1355.0 780.0
2022-02-16 16529.0 1084.0 1088.0 1105.0 1075.0 1355.0 780.0
2022-02-17 24036.0 1074.0 1093.9 1093.9 1066.2 1346.0 780.0
2022-02-20 26650.0 1063.2 1055.0 1088.0 1053.0 1346.0 780.0
2022-02-21 20706.0 1075.0 1075.0 1081.0 1060.0 1346.0 780.0
2022-02-22 14327.0 1080.0 1093.0 1093.0 1073.0 1346.0 780.0
