2021-11-16 68996.0 399.0 398.8 399.0 395.0 517.0 379.0
2021-11-17 47947.0 398.5 404.9 405.0 396.0 517.0 379.0
2021-11-18 49610.0 394.0 399.0 400.0 393.8 517.0 379.0
2021-11-21 24380.0 393.0 394.0 397.0 393.0 517.0 379.0
2021-11-22 38405.0 391.5 395.0 397.0 390.0 517.0 379.0
2021-11-23 40645.0 389.7 394.0 394.0 388.7 517.0 379.0
2021-11-24 38419.0 387.0 394.9 395.0 383.1 517.0 379.0
2021-11-25 49647.0 388.0 386.0 392.0 386.0 517.0 379.0
2021-11-28 78205.0 379.0 388.0 388.0 377.4 517.0 377.4
2021-11-29 71430.0 374.0 379.0 383.0 373.4 517.0 373.4
2021-11-30 106155.0 376.0 374.1 381.0 370.1 517.0 370.1
2021-12-01 65797.0 374.0 376.0 379.0 374.0 517.0 370.1
2021-12-02 87242.0 377.4 381.4 383.0 375.0 517.0 370.1
