2021-11-16 2200.0 12.13 11.79 12.13 11.79 18.47 9.75
2021-11-17 40100.0 12.0 12.0 12.19 12.0 18.47 9.75
2021-11-18 45300.0 11.95 11.94 11.95 11.8 18.47 9.75
2021-11-21 15450.0 11.99 12.0 12.05 11.85 18.47 9.82
2021-11-22 1300.0 11.99 11.79 11.99 11.79 18.47 9.82
2021-11-23 22400.0 11.83 11.8 11.85 11.8 18.47 9.82
2021-11-24 46740.0 12.04 11.7 12.04 11.64 18.47 9.82
2021-11-25 26550.0 12.09 11.81 12.1 11.81 18.47 9.82
2021-11-28 38000.0 11.85 12.0 12.0 11.85 18.47 9.82
2021-11-29 577490.0 12.04 12.0 12.34 11.92 18.47 9.82
2021-11-30 188491.0 12.01 12.0 12.06 11.91 18.47 9.82
2021-12-01 23050.0 12.0 11.93 12.0 11.93 18.47 9.82
2021-12-02 548000.0 11.99 12.0 12.1 11.98 18.47 9.82
