2021-11-16 25.0 999.0 999.0 999.0 999.0 1030.0 999.0
2021-11-18 100.0 1000.5 1000.0 1000.5 999.6 1030.0 999.0
2021-11-21 25.0 996.7 996.7 996.7 996.7 1030.0 996.7
2021-11-23 50.0 999.1 1000.0 1000.0 999.1 1030.0 996.7
2021-11-24 75.0 1018.0 1017.9 1018.0 1015.0 1030.0 996.7
2021-12-15 125.00 1018.0 1010.0 1018.0 1010.0 1030.0 996.7
2021-12-21 25.0 992.5 1000.0 1000.0 992.5 1030.0 992.5
2021-12-22 25.0 993.5 993.5 993.5 993.5 1030.0 992.5
2021-12-27 200.0 1000.0 1000.0 1000.0 1000.0 1030.0 992.5
2022-01-02 50.0 1005.0 1005.0 1005.0 1005.0 1030.0 992.5
2022-01-03 60.0 1025.0 1020.0 1025.0 1020.0 1030.0 992.5
2022-01-05 25.0 1025.0 1025.0 1025.0 1025.0 1030.0 992.5
2022-01-10 25.0 1025.0 1025.0 1025.0 1025.0 1030.0 992.5
2022-01-11 75.0 1030.0 1025.0 1030.0 1025.0 1030.0 992.5
2022-01-17 50.0 989.3 1009.4 1009.4 989.3 1030.0 989.3
2022-01-23 25.0 970.0 970.0 970.0 970.0 1030.0 970.0
2022-01-26 300.0 985.0 985.0 985.0 985.0 1030.0 970.0
2022-02-01 200.0 990.0 990.0 990.0 990.0 1030.0 970.0
