2021-11-16 75354.0 11.67 11.6 11.71 11.58 16.25 9.67
2021-11-17 46150.0 11.63 11.89 11.89 11.63 16.25 9.67
2021-11-18 21002.0 11.65 11.63 11.65 11.63 16.25 9.67
2021-11-21 13430.0 11.65 11.65 11.66 11.65 16.25 9.67
2021-11-22 16139.0 11.67 11.7 11.7 11.65 16.25 9.67
2021-11-23 6286.0 11.63 11.62 11.75 11.62 16.25 9.67
2021-11-24 48140.0 11.7 11.64 11.7 11.62 16.25 9.67
2021-11-25 3992.0 11.62 11.62 11.63 11.62 16.25 9.67
2021-11-28 48174.0 11.46 11.62 11.62 11.46 16.25 9.67
2021-11-29 13667.0 11.42 11.24 11.5 11.24 16.25 9.67
2021-11-30 4072.0 11.47 11.44 11.47 11.44 16.25 9.67
2021-12-01 60262.0 11.45 11.47 11.5 11.4 16.25 9.67
2021-12-02 173989.0 11.23 11.66 11.66 11.1 16.25 9.67
