2021-08-03 33629.0 1597.8 1566.7 1621.0 1566.0 1661.0 702.0
2021-08-04 29009.0 1551.0 1625.0 1657.0 1535.0 1661.0 702.0
2021-08-05 21525.0 1555.0 1560.0 1580.0 1525.0 1661.0 702.0
2021-08-09 6379.0 1505.0 1520.0 1520.0 1500.0 1661.0 703.0
2021-08-12 5792.0 1507.0 1495.0 1520.0 1495.0 1661.0 703.0
2021-08-15 18965.0 1553.0 1536.0 1595.0 1501.0 1661.0 703.0
2021-08-16 12135.0 1560.0 1550.0 1599.0 1550.0 1661.0 703.0
2021-08-17 10224.0 1539.0 1589.0 1589.0 1530.0 1661.0 703.0
2021-08-18 12612.0 1530.0 1550.0 1555.5 1500.0 1661.0 703.0
2021-08-19 6207.0 1528.0 1530.0 1547.0 1523.0 1661.0 703.0
2021-08-24 6611.0 1519.0 1528.0 1528.0 1500.0 1661.0 740.0
2021-08-25 7221.0 1491.0 1501.0 1510.0 1489.0 1661.0 753.0
2021-08-26 6927.0 1485.0 1491.0 1509.0 1480.0 1661.0 753.0
2021-08-29 5917.0 1460.0 1483.0 1485.0 1455.0 1661.0 753.0
2021-08-31 7038.0 1430.0 1431.0 1473.0 1430.0 1661.0 768.0
2021-09-01 10020.0 1425.2 1401.4 1448.0 1401.4 1661.0 770.0
2021-09-02 6438.0 1429.0 1416.9 1465.0 1410.0 1661.0 770.0
2021-09-05 6702.0 1399.0 1402.0 1429.0 1385.0 1661.0 770.0
2021-09-07 5391.0 1418.0 1412.5 1435.0 1395.0 1661.0 770.0
2021-09-08 7684.0 1400.0 1415.0 1428.0 1397.0 1661.0 770.0
2021-09-09 9471.0 1409.8 1402.0 1430.0 1399.9 1661.0 780.0
2021-09-12 5937.0 1425.0 1409.0 1435.0 1400.0 1661.0 780.0
2021-09-13 7649.0 1420.0 1408.0 1434.0 1408.0 1661.0 780.0
2021-09-14 2193.0 1427.0 1402.0 1428.0 1402.0 1661.0 780.0
2021-09-15 2197.0 1403.1 1434.0 1434.0 1402.2 1661.0 780.0
