2021-11-16 18255.0 3596.0 3401.0 3610.0 3371.3 4080.0 1656.0
2021-11-17 8514.0 3588.8 3650.0 3650.0 3545.0 4080.0 1656.0
2021-11-18 27421.0 3660.0 3660.5 3876.0 3640.0 4080.0 1656.0
2021-11-21 11108.0 3540.0 3730.0 3730.0 3500.0 4080.0 1683.0
2021-11-22 7006.0 3525.0 3540.0 3570.0 3470.0 4080.0 1683.0
2021-11-23 3795.0 3459.0 3467.0 3524.0 3420.0 4080.0 1686.0
2021-11-24 5566.0 3445.0 3396.0 3465.0 3390.1 4080.0 1686.0
2021-11-25 2827.0 3410.1 3499.0 3499.0 3402.0 4080.0 1774.0
2021-11-28 9608.0 3250.0 3400.0 3400.0 3250.0 4080.0 1774.0
2021-11-29 7696.0 3199.0 3250.0 3300.0 3176.0 4080.0 1774.0
2021-11-30 4372.0 3190.0 3250.0 3250.0 3161.0 4080.0 1774.0
2021-12-01 6666.0 3175.0 3200.0 3218.0 3170.0 4080.0 1774.0
2021-12-02 14870.0 3170.0 3180.0 3210.0 3141.0 4080.0 1774.0
2021-12-05 5114.0 3117.0 3171.0 3200.0 3117.0 4080.0 1774.0
2021-12-06 7887.0 3120.0 3100.0 3149.0 3040.0 4080.0 1774.0
2021-12-07 4291.0 3088.2 3130.0 3181.0 3088.0 4080.0 1774.0
2021-12-08 5664.0 2996.0 3040.0 3070.0 2990.0 4080.0 1774.0
2021-12-09 6100.0 2990.0 2941.0 3024.3 2903.0 4080.0 1774.0
2021-12-12 5591.0 2850.0 2990.0 2990.0 2845.0 4080.0 1774.0
2021-12-13 8877.00 2745.0 2801.0 2835.0 2696.0 4080.0 1774.0
2021-12-14 2435.00 2989.0 2799.0 3019.0 2751.0 4080.0 1850.0
2021-12-15 5867.00 2938.0 3048.0 3150.0 2887.0 4080.0 1951.0
2021-12-16 2232.0 2855.0 2880.0 2890.0 2837.1 4080.0 1951.0
2021-12-20 3595.0 2855.0 2810.0 2905.0 2800.0 4080.0 1951.0
2021-12-21 2065.0 2911.0 2912.1 2915.0 2857.0 4080.0 1951.0
2021-12-22 8158.0 3111.0 2960.0 3111.0 2950.0 4080.0 2000.0
2021-12-23 5588.0 3066.0 3111.0 3165.0 3055.0 4080.0 2000.0
2021-12-26 8900.0 3179.0 3110.0 3223.0 3098.0 4080.0 2000.0
2021-12-27 5875.0 3100.0 3234.0 3234.0 3093.0 4080.0 2000.0
2021-12-28 4365.0 3128.0 3162.0 3165.0 3093.0 4080.0 2000.0
2021-12-29 6019.0 3218.0 3135.0 3229.9 3130.0 4080.0 2090.0
2022-01-02 11085.0 3415.0 3270.0 3445.0 3250.0 4080.0 2210.0
2022-01-03 11192.0 3444.0 3483.0 3483.0 3430.0 4080.0 2210.0
2022-01-04 12930.0 3490.0 3375.2 3503.0 3350.0 4080.0 2210.0
2022-01-05 8592.0 3470.0 3522.0 3530.0 3460.0 4080.0 2210.0
2022-01-06 28133.0 3599.5 3466.0 3625.0 3466.0 4080.0 2240.0
2022-01-09 19531.0 3620.0 3650.0 3675.0 3588.0 4080.0 2301.0
2022-01-10 44658.0 3660.0 3692.0 3700.0 3625.0 4080.0 2301.0
2022-01-11 24572.0 2753.0 2666.5 2849.0 2666.5 4080.0 2301.0
2022-01-12 10889.0 2700.1 2800.0 2800.0 2700.0 4080.0 2315.0
2022-01-13 7620.0 2705.0 2680.0 2730.0 2650.0 4080.0 2331.0
2022-01-16 14629.0 2720.5 2758.0 2813.0 2690.0 4080.0 2360.0
2022-01-17 3962.0 2731.0 2732.1 2768.0 2713.1 4080.0 2360.0
2022-01-18 5532.0 2685.0 2746.0 2746.0 2670.0 4080.0 2360.0
2022-01-19 6062.0 2661.0 2700.0 2702.0 2650.0 4080.0 2360.0
2022-01-20 4823.0 2686.0 2625.0 2699.0 2625.0 4080.0 2360.0
2022-01-23 5105.0 2681.0 2700.0 2729.0 2680.0 4080.0 2360.0
2022-01-24 9507.0 2590.0 2734.0 2734.0 2580.1 4080.0 2360.0
2022-01-25 5837.0 2600.0 2590.0 2670.0 2550.0 4080.0 2360.0
2022-01-26 2285.0 2571.0 2600.0 2610.0 2560.0 4080.0 2360.0
2022-01-27 9460.0 2700.0 2600.0 2713.2 2571.0 4080.0 2360.0
2022-01-30 4953.0 2727.9 2754.0 2800.0 2700.0 4080.0 2360.0
2022-01-31 8485.0 2714.0 2770.0 2782.4 2677.0 4080.0 2360.0
2022-02-01 3916.0 2705.0 2701.0 2730.0 2686.0 4080.0 2360.0
2022-02-03 4689.0 2680.0 2710.0 2749.0 2675.0 4080.0 2360.0
2022-02-06 2295.0 2630.5 2700.0 2700.0 2628.0 4080.0 2360.0
2022-02-07 1204.0 2640.0 2640.0 2647.0 2627.0 4080.0 2360.0
2022-02-09 1966.0 2601.0 2620.0 2620.0 2595.0 4080.0 2360.0
2022-02-10 7049.0 2584.0 2610.0 2630.0 2548.0 4080.0 2360.0
2022-02-13 4767.0 2500.0 2580.0 2580.0 2482.0 4080.0 2360.0
2022-02-14 5067.0 2470.0 2550.0 2550.0 2456.0 4080.0 2360.0
2022-02-15 1878.0 2550.0 2470.0 2550.0 2470.0 4080.0 2360.0
2022-02-16 3828.0 2538.0 2550.0 2590.0 2525.0 4080.0 2360.0
2022-02-17 1256.0 2531.0 2549.0 2550.0 2499.0 4080.0 2360.0
2022-02-20 3234.0 2500.0 2480.4 2529.0 2420.0 4080.0 2360.0
2022-02-21 1454.0 2490.0 2500.0 2500.0 2475.0 4080.0 2360.0
2022-02-22 1144.0 2500.0 2495.0 2530.0 2485.0 4080.0 2360.0
