2021-08-03 89422.0 1680.0 1653.0 1690.0 1636.0 2010.0 563.0
2021-08-04 76931.0 1655.0 1700.0 1700.0 1652.4 2010.0 563.0
2021-08-05 79278.0 1635.0 1650.1 1671.0 1631.0 2010.0 563.0
2021-08-09 131888.0 1646.0 1625.0 1688.0 1625.0 2010.0 563.0
2021-08-12 117316.0 1621.0 1631.0 1655.0 1618.0 2010.0 570.0
2021-08-15 233239.0 1590.0 1588.6 1624.9 1586.0 2010.0 570.0
2021-08-16 110450.0 1590.0 1600.0 1609.0 1575.0 2010.0 570.0
2021-08-17 144202.0 1580.0 1620.0 1620.0 1571.0 2010.0 570.0
2021-08-18 161961.0 1590.0 1611.0 1635.0 1565.0 2010.0 575.0
2021-08-19 113372.0 1605.0 1590.0 1640.0 1590.0 2010.0 575.0
2021-08-24 78536.0 1585.0 1637.0 1637.0 1580.0 2010.0 596.0
2021-08-25 88386.0 1562.0 1616.7 1616.7 1560.0 2010.0 623.0
2021-08-26 93762.0 1558.0 1593.2 1593.2 1554.0 2010.0 671.0
2021-08-29 91978.0 1534.0 1589.1 1589.1 1529.0 2010.0 693.0
2021-08-31 138704.0 1492.9 1564.6 1564.6 1491.0 2010.0 775.0
2021-09-01 100907.0 1483.0 1500.0 1519.0 1475.2 2010.0 819.0
2021-09-02 107898.0 1452.0 1505.0 1519.0 1445.0 2010.0 819.0
2021-09-05 126717.0 1402.0 1481.0 1481.0 1395.0 2010.0 819.0
2021-09-07 67984.0 1469.0 1523.8 1523.8 1439.0 2010.0 819.0
2021-09-08 85537.0 1437.0 1498.3 1498.3 1425.0 2010.0 819.0
2021-09-09 53947.0 1435.0 1465.7 1465.7 1431.0 2010.0 819.0
2021-09-12 65289.0 1445.1 1463.7 1490.0 1440.0 2010.0 819.0
