2021-11-16 18989.0 728.5 715.1 733.0 706.0 990.0 342.0
2021-11-17 28920.0 706.0 738.0 740.0 705.0 990.0 342.0
2021-11-18 30169.0 693.9 720.0 720.0 683.5 990.0 342.0
2021-11-21 17186.0 671.3 685.0 706.0 671.3 990.0 342.0
2021-11-22 11529.0 688.0 684.0 698.0 676.2 990.0 342.0
2021-11-23 19545.0 666.0 700.0 715.0 660.0 990.0 342.0
2021-11-24 24992.0 660.1 655.0 682.0 652.7 990.0 342.0
2021-11-25 17243.0 654.0 673.3 673.3 653.0 990.0 342.0
2021-11-28 21113.0 620.0 648.0 654.0 620.0 990.0 342.0
2021-11-29 21925.0 614.9 630.0 645.0 605.0 990.0 342.0
2021-11-30 12468.0 614.0 620.0 625.0 608.0 990.0 342.0
2021-12-01 14799.0 630.7 626.2 633.9 617.1 990.0 342.0
2021-12-02 12222.0 612.0 635.0 635.0 610.0 990.0 342.0
2021-12-05 14212.0 592.0 600.0 613.0 592.0 990.0 342.0
2021-12-06 21562.0 610.0 583.0 610.0 571.0 990.0 342.0
2021-12-07 11583.0 586.0 622.2 622.2 578.0 990.0 342.0
2021-12-08 10773.0 560.0 580.0 600.0 560.0 990.0 342.0
2021-12-09 15058.0 563.0 571.0 571.0 549.0 990.0 342.0
