2021-11-16 1530.0 1373.0 1370.0 1428.4 1370.0 1987.9 865.0
2021-11-17 1537.0 1391.0 1398.9 1455.0 1391.0 1987.9 865.0
2021-11-18 2030.0 1390.0 1380.0 1400.0 1369.0 1987.9 865.0
2021-11-21 776.0 1373.6 1400.0 1410.0 1371.4 1987.9 865.0
2021-11-22 575.0 1361.0 1376.0 1376.0 1353.0 1987.9 865.0
2021-11-23 1184.0 1353.0 1361.0 1387.8 1351.0 1987.9 865.0
2021-11-24 388.0 1385.0 1331.0 1385.0 1331.0 1987.9 880.0
2021-11-25 359.0 1378.0 1360.0 1378.0 1358.1 1987.9 880.0
2021-11-28 490.0 1330.0 1350.5 1350.5 1330.0 1987.9 882.0
2021-11-29 932.0 1315.5 1331.0 1356.6 1315.5 1987.9 882.0
2021-11-30 620.0 1325.0 1315.5 1325.0 1306.1 1987.9 882.0
2021-12-01 352.0 1315.0 1315.1 1315.1 1315.0 1987.9 882.0
2021-12-02 810.0 1291.0 1315.0 1315.0 1289.0 1987.9 882.0
2021-12-05 895.0 1343.1 1285.0 1343.1 1260.0 1987.9 882.0
2021-12-06 316.0 1320.9 1345.0 1345.0 1294.0 1987.9 882.0
2021-12-07 100.0 1339.0 1339.0 1339.0 1339.0 1987.9 882.0
2021-12-08 1285.0 1240.0 1313.0 1313.0 1240.0 1987.9 883.0
2021-12-09 2691.0 1235.0 1222.0 1249.0 1200.1 1987.9 883.0
2021-12-12 6092.0 1111.5 1215.0 1215.0 1111.5 1987.9 900.0
2021-12-13 1390.00 1081.0 1089.3 1089.3 1026.1 1987.9 900.0
2021-12-14 230.00 1162.0 1102.0 1162.0 1102.0 1987.9 933.0
2021-12-15 1307.00 1100.0 1151.0 1169.9 1078.2 1987.9 941.0
2021-12-16 1097.0 1075.0 1078.0 1078.0 1056.6 1987.9 941.0
2021-12-20 82.0 1071.0 1086.0 1087.9 1071.0 1987.9 941.0
2021-12-21 194.0 1090.0 1071.0 1100.0 1071.0 1987.9 941.0
2021-12-22 1175.0 1139.9 1111.0 1177.0 1111.0 1987.9 946.0
2021-12-23 717.0 1180.0 1140.0 1180.0 1139.0 1987.9 946.0
2021-12-26 1509.0 1238.0 1190.0 1245.0 1180.0 1987.9 946.0
2021-12-27 843.0 1218.9 1225.0 1249.0 1195.0 1987.9 946.0
2021-12-28 2269.0 1198.0 1196.1 1268.0 1195.2 1987.9 951.0
2021-12-29 1465.0 1198.0 1195.0 1221.9 1180.0 1987.9 951.0
2022-01-02 1830.0 1264.0 1221.7 1264.0 1180.1 1987.9 960.0
2022-01-03 2617.0 1297.5 1280.0 1367.9 1240.0 1987.9 960.0
2022-01-04 4139.0 1330.0 1272.0 1425.0 1247.0 1987.9 973.0
2022-01-05 3299.0 1300.0 1330.0 1330.0 1278.1 1987.9 973.0
2022-01-06 1661.0 1340.0 1290.0 1352.5 1274.0 1987.9 999.0
2022-01-09 3843.0 1344.0 1320.0 1400.0 1318.0 1987.9 1026.1
2022-01-10 1222.0 1327.0 1321.0 1340.0 1320.0 1987.9 1026.1
2022-01-11 5013.0 1399.0 1340.0 1435.0 1340.0 1987.9 1026.1
2022-01-12 4521.0 1380.0 1419.0 1419.0 1353.0 1987.9 1026.1
2022-01-13 6616.0 1389.0 1380.0 1395.0 1371.0 1987.9 1026.1
2022-01-16 7454.0 1429.0 1416.7 1445.0 1405.0 1987.9 1026.1
2022-01-17 8165.0 1500.0 1449.0 1511.0 1443.0 1987.9 1026.1
2022-01-18 8514.0 1540.0 1524.0 1575.0 1519.1 1987.9 1026.1
2022-01-19 6391.0 1504.0 1509.2 1550.0 1483.0 1987.9 1026.1
2022-01-20 2504.0 1480.0 1496.0 1500.0 1460.0 1987.9 1026.1
2022-01-23 4638.0 1513.9 1509.6 1532.0 1500.0 1987.9 1026.1
2022-01-24 4820.0 1435.0 1484.0 1488.0 1435.0 1987.9 1026.1
2022-01-25 2386.0 1453.2 1449.0 1513.0 1449.0 1987.9 1026.1
2022-01-26 4317.0 1424.0 1425.0 1453.0 1400.0 1987.9 1026.1
2022-01-27 2230.0 1451.0 1444.0 1498.0 1444.0 1987.9 1026.1
2022-01-30 3010.0 1483.0 1460.1 1489.0 1453.0 1987.9 1026.1
2022-01-31 7014.0 1499.0 1512.6 1520.0 1485.0 1987.9 1026.1
2022-02-01 1069.0 1485.0 1480.0 1500.0 1471.0 1987.9 1026.1
2022-02-03 2398.0 1459.1 1500.0 1500.0 1455.0 1987.9 1026.1
2022-02-06 3664.0 1454.0 1460.0 1460.0 1430.0 1987.9 1026.1
2022-02-07 844.0 1450.0 1430.2 1450.0 1430.2 1987.9 1026.1
2022-02-09 4512.0 1416.7 1430.0 1430.0 1389.0 1987.9 1026.1
2022-02-10 3560.0 1401.0 1402.0 1424.0 1401.0 1987.9 1026.1
2022-02-13 1884.0 1370.0 1373.0 1376.0 1350.0 1987.9 1026.1
2022-02-14 2507.0 1380.1 1356.0 1405.0 1356.0 1987.9 1026.1
2022-02-15 192.0 1406.8 1390.0 1406.8 1389.0 1987.9 1026.1
2022-02-16 1361.0 1403.0 1434.9 1434.9 1381.1 1987.9 1026.1
2022-02-17 323.0 1400.0 1407.0 1407.0 1380.0 1987.9 1026.1
2022-02-20 600.0 1390.0 1375.2 1390.0 1365.0 1987.9 1026.1
2022-02-21 641.0 1390.0 1365.2 1395.0 1365.1 1987.9 1026.1
2022-02-22 840.0 1385.0 1391.0 1400.0 1375.0 1987.9 1026.1
