2021-11-16 131647.0 1277.1 1184.0 1277.1 1176.5 1500.0 909.0
2021-11-17 426090.0 1390.0 1302.6 1404.8 1302.6 1500.0 909.0
2021-11-18 429788.0 1438.0 1395.0 1457.5 1355.0 1500.0 909.0
2021-11-21 161903.0 1395.5 1438.0 1438.0 1380.0 1500.0 922.0
2021-11-22 206052.0 1420.2 1411.0 1438.0 1375.0 1500.0 922.0
2021-11-23 287027.0 1457.0 1402.0 1470.0 1402.0 1500.0 935.0
2021-11-24 180214.0 1465.0 1486.1 1486.1 1431.0 1500.0 935.0
2021-11-25 179849.0 1484.0 1450.0 1495.0 1450.0 1500.0 972.0
2021-11-28 133771.0 1409.0 1454.4 1465.0 1390.0 1500.0 972.0
2021-11-29 71287.0 1380.0 1408.0 1430.0 1372.0 1500.0 972.0
2021-11-30 38412.0 1393.0 1400.0 1400.0 1351.0 1500.0 972.0
2021-12-01 103022.0 1426.0 1393.0 1440.0 1377.0 1500.0 972.0
2021-12-02 70998.0 1384.8 1439.0 1439.0 1365.6 1500.0 972.0
2021-12-05 126212.0 1329.0 1385.0 1385.0 1310.0 1500.0 972.0
2021-12-06 104627.0 1362.0 1302.5 1371.0 1302.5 1500.0 972.0
2021-12-07 61755.0 1326.0 1362.0 1389.2 1320.0 1500.0 972.0
2021-12-08 83342.0 1298.7 1326.0 1328.0 1298.6 1500.0 972.0
2021-12-09 56658.0 1306.0 1272.8 1321.9 1272.8 1500.0 972.0
2021-12-12 38683.0 1259.0 1301.0 1302.0 1257.0 1500.0 972.0
2021-12-13 59093.00 1218.0 1233.9 1264.0 1203.0 1500.0 972.0
2021-12-14 30556.00 1288.0 1200.0 1288.0 1195.0 1500.0 972.0
2021-12-15 62477.00 1279.0 1310.0 1310.0 1252.0 1500.0 972.0
2021-12-16 22471.0 1265.0 1254.0 1279.0 1229.0 1500.0 972.0
2021-12-20 42559.0 1232.0 1265.0 1265.0 1231.1 1500.0 972.0
2021-12-21 82402.0 1295.0 1254.0 1299.0 1240.1 1500.0 972.0
2021-12-22 60299.0 1331.0 1318.0 1380.0 1295.0 1500.0 972.0
2021-12-23 61547.0 1335.0 1310.1 1362.0 1310.1 1500.0 972.0
2021-12-26 99511.0 1335.0 1335.0 1355.0 1320.0 1500.0 972.0
2021-12-27 61359.0 1283.8 1355.0 1360.0 1283.8 1500.0 972.0
2021-12-28 40509.0 1283.0 1263.3 1300.0 1263.3 1500.0 972.0
2021-12-29 30806.0 1283.0 1299.0 1305.0 1280.0 1500.0 972.0
2022-01-02 79727.0 1325.0 1300.0 1341.0 1283.0 1500.0 972.0
2022-01-03 29864.0 1317.0 1335.0 1335.0 1301.1 1500.0 972.0
2022-01-04 22367.0 1315.0 1302.1 1329.0 1293.0 1500.0 972.0
2022-01-05 59319.0 1313.0 1320.0 1346.4 1301.0 1500.0 972.0
2022-01-06 56637.0 1331.0 1327.0 1334.0 1300.6 1500.0 972.0
2022-01-09 89981.0 1358.0 1350.0 1370.0 1335.0 1500.0 972.0
2022-01-10 158355.0 1431.5 1360.0 1431.5 1336.0 1500.0 972.0
2022-01-11 97060.0 1440.0 1445.0 1445.0 1403.0 1500.0 972.0
2022-01-12 56238.0 1391.0 1414.0 1439.0 1381.1 1500.0 972.0
2022-01-13 63748.0 1391.0 1391.0 1408.6 1375.0 1500.0 972.0
2022-01-16 151494.0 1435.0 1410.0 1455.0 1392.0 1500.0 972.0
2022-01-17 165102.0 1458.0 1463.7 1474.0 1416.0 1500.0 972.0
2022-01-18 169325.0 1499.0 1487.0 1546.0 1452.0 1546.0 972.0
2022-01-19 84219.0 1456.0 1469.1 1550.0 1452.2 1550.0 972.0
2022-01-20 107068.0 1457.0 1436.0 1504.3 1432.0 1550.0 972.0
2022-01-23 213430.0 1513.0 1486.0 1525.0 1470.0 1550.0 972.0
2022-01-24 132662.0 1456.0 1510.0 1510.0 1437.0 1550.0 972.0
2022-01-25 49872.0 1448.9 1430.0 1485.0 1426.9 1550.0 972.0
2022-01-26 38238.0 1440.0 1449.0 1459.0 1426.0 1550.0 972.0
2022-01-27 78581.0 1459.9 1455.0 1475.0 1441.0 1550.0 972.0
2022-01-30 157615.0 1520.0 1486.0 1540.0 1465.0 1550.0 972.0
2022-01-31 202341.0 1570.0 1520.0 1570.0 1500.0 1570.0 972.0
2022-02-01 55701.0 1568.0 1543.0 1575.0 1543.0 1575.0 972.0
2022-02-03 104116.0 1560.0 1575.0 1600.0 1516.0 1600.0 972.0
2022-02-06 88745.0 1540.0 1550.0 1550.0 1509.5 1600.0 972.0
2022-02-07 157172.0 1590.0 1515.0 1590.0 1509.2 1600.0 972.0
2022-02-09 92469.0 1599.9 1579.0 1599.9 1562.0 1610.0 972.0
2022-02-10 158139.0 1624.8 1590.0 1625.0 1588.1 1625.0 972.0
2022-02-13 118823.0 1583.0 1593.0 1595.9 1570.0 1625.0 972.0
2022-02-14 106968.0 1585.0 1583.0 1613.0 1580.0 1625.0 972.0
2022-02-15 112045.0 1655.0 1607.0 1655.0 1593.0 1655.0 972.0
2022-02-16 89535.0 1664.0 1661.1 1683.0 1636.0 1683.0 972.0
2022-02-17 60388.0 1679.0 1650.0 1680.0 1645.0 1683.0 972.0
2022-02-20 112672.0 1710.0 1645.5 1711.0 1629.1 1711.0 972.0
2022-02-21 153445.0 1737.0 1701.0 1744.0 1693.0 1744.0 972.0
2022-02-22 121539.0 1779.0 1702.3 1799.9 1702.3 1799.9 972.0
