2021-11-16 15938.0 1539.0 1536.0 1545.0 1520.0 1919.0 984.0
2021-11-17 12034.0 1523.0 1550.0 1560.0 1523.0 1919.0 984.0
2021-11-18 22089.0 1523.0 1530.0 1554.0 1502.0 1919.0 984.0
2021-11-21 5710.0 1530.0 1523.0 1549.0 1521.0 1919.0 985.0
2021-11-22 5373.0 1532.0 1530.0 1532.9 1525.0 1919.0 985.0
2021-11-23 13435.0 1500.1 1513.0 1530.0 1495.0 1919.0 985.0
2021-11-24 17021.0 1480.0 1496.0 1496.0 1460.0 1919.0 987.0
2021-11-25 14266.0 1488.0 1509.0 1509.0 1471.0 1919.0 1000.0
2021-11-28 104670.0 1539.0 1509.6 1599.0 1509.6 1919.0 1040.0
2021-11-29 28319.0 1530.0 1540.0 1561.0 1527.0 1919.0 1040.0
2021-11-30 25179.0 1520.0 1540.0 1549.9 1500.0 1919.0 1070.0
2021-12-01 12153.0 1514.0 1530.0 1550.0 1510.0 1919.0 1070.0
2021-12-02 14448.0 1500.0 1520.0 1520.0 1498.0 1919.0 1110.0
2021-12-05 21927.0 1473.0 1491.0 1499.0 1469.0 1919.0 1127.0
2021-12-06 16612.0 1487.0 1473.0 1497.0 1441.0 1919.0 1127.0
2021-12-07 13481.0 1470.0 1516.0 1545.0 1470.0 1919.0 1127.0
2021-12-08 10811.0 1434.0 1465.0 1479.0 1431.0 1919.0 1127.0
2021-12-09 10714.0 1440.0 1421.1 1460.0 1410.0 1919.0 1127.0
2021-12-12 11514.0 1408.0 1445.0 1450.0 1408.0 1919.0 1127.0
2021-12-13 16364.00 1365.0 1393.0 1398.0 1360.0 1919.0 1127.0
2021-12-14 13438.00 1453.0 1385.0 1453.0 1376.0 1919.0 1131.0
2021-12-15 20780.00 1427.0 1482.0 1482.0 1417.0 1919.0 1131.0
2021-12-16 6306.0 1400.0 1429.9 1430.0 1392.0 1919.0 1131.0
2021-12-20 23236.0 1415.0 1428.0 1428.0 1388.0 1919.0 1131.0
2021-12-21 16931.0 1458.0 1443.3 1463.0 1422.0 1919.0 1131.0
2021-12-22 29120.0 1512.0 1487.0 1515.0 1460.0 1919.0 1200.0
2021-12-23 17450.0 1513.0 1542.2 1542.2 1490.0 1919.0 1207.0
2021-12-26 31514.0 1565.7 1530.0 1567.0 1512.0 1919.0 1207.0
2021-12-27 70144.0 1555.0 1594.9 1597.0 1541.0 1919.0 1207.0
2021-12-28 21859.0 1196.0 1220.0 1224.0 1166.0 1919.0 1166.0
2021-12-29 11561.0 1192.0 1200.0 1200.0 1180.0 1919.0 1166.0
2022-01-02 12339.0 1195.0 1190.0 1203.0 1172.0 1919.0 1166.0
2022-01-03 21263.0 1234.0 1210.0 1235.0 1207.0 1919.0 1166.0
2022-01-04 13203.0 1227.9 1234.0 1239.0 1206.2 1919.0 1166.0
2022-01-05 13872.0 1196.6 1246.0 1246.0 1196.6 1919.0 1166.0
2022-01-06 7532.0 1200.0 1195.0 1208.0 1180.0 1919.0 1166.0
2022-01-09 13604.0 1215.0 1223.0 1223.0 1198.6 1919.0 1166.0
2022-01-10 22744.0 1216.0 1225.0 1225.0 1210.0 1919.0 1166.0
2022-01-11 42272.0 1260.0 1224.0 1287.0 1218.0 1919.0 1166.0
2022-01-12 29528.0 1250.0 1283.0 1285.0 1240.0 1919.0 1166.0
2022-01-13 32307.0 1305.0 1226.0 1310.0 1225.1 1919.0 1166.0
2022-01-16 30268.0 1310.0 1329.9 1345.0 1306.0 1919.0 1166.0
2022-01-17 20155.0 1305.0 1330.0 1330.0 1294.0 1919.0 1166.0
2022-01-18 18183.0 1280.0 1305.0 1305.0 1272.0 1919.0 1166.0
2022-01-19 11147.0 1258.0 1300.0 1300.0 1255.6 1919.0 1166.0
2022-01-20 14291.0 1280.0 1250.0 1280.0 1250.0 1919.0 1166.0
2022-01-23 20209.0 1282.0 1295.0 1304.0 1277.0 1919.0 1166.0
2022-01-24 24436.0 1229.1 1260.1 1271.0 1228.0 1919.0 1166.0
2022-01-25 22459.0 1242.0 1233.1 1268.9 1196.0 1919.0 1166.0
2022-01-26 8947.0 1219.0 1247.0 1255.0 1216.0 1919.0 1166.0
2022-01-27 9907.0 1214.9 1221.0 1250.0 1211.0 1919.0 1166.0
2022-01-30 22174.0 1253.3 1239.1 1263.8 1235.0 1919.0 1166.0
2022-01-31 18739.0 1265.0 1270.0 1290.0 1254.0 1919.0 1166.0
2022-02-01 10744.0 1279.0 1261.0 1282.0 1256.0 1919.0 1166.0
2022-02-03 29445.0 1270.0 1285.0 1310.0 1260.0 1919.0 1166.0
2022-02-06 10032.0 1250.1 1260.0 1272.0 1250.1 1919.0 1166.0
2022-02-07 7486.0 1254.9 1250.0 1255.0 1245.0 1919.0 1166.0
2022-02-09 4253.0 1237.0 1237.0 1240.0 1220.2 1919.0 1166.0
2022-02-10 5832.0 1226.0 1221.1 1241.9 1213.0 1919.0 1166.0
2022-02-13 22022.0 1194.0 1250.5 1250.5 1190.0 1919.0 1166.0
2022-02-14 8313.0 1195.1 1194.0 1215.0 1190.0 1919.0 1166.0
2022-02-15 13730.0 1240.0 1200.0 1240.0 1195.0 1919.0 1166.0
2022-02-16 5328.0 1215.0 1244.0 1244.0 1211.0 1919.0 1166.0
2022-02-17 6049.0 1200.0 1210.0 1215.0 1200.0 1919.0 1166.0
2022-02-20 9707.0 1186.0 1190.0 1220.0 1175.0 1919.0 1166.0
2022-02-21 5303.0 1191.0 1192.0 1201.0 1180.0 1919.0 1166.0
2022-02-22 7092.0 1200.0 1207.0 1214.0 1197.0 1919.0 1166.0
