2021-11-29 194.0 310.5 282.3 310.5 282.3 310.5 282.3
2021-11-30 171.0 341.5 316.7 341.5 316.7 341.5 282.3
2021-12-01 150.0 375.6 348.3 375.6 348.3 375.6 282.3
2021-12-02 390.0 413.1 383.1 413.1 383.1 413.1 282.3
2021-12-05 1533.0 454.4 421.3 454.4 421.3 454.4 282.3
2021-12-06 81212.0 433.0 463.4 499.8 409.0 499.8 282.3
2021-12-07 30287.0 416.0 441.0 459.0 414.0 499.8 282.3
2021-12-08 10795.0 408.0 408.0 410.0 400.0 499.8 282.3
2021-12-09 12424.0 393.0 399.9 404.0 385.0 499.8 282.3
2021-12-12 17386.0 365.0 387.0 391.6 364.0 499.8 282.3
2021-12-13 10591.00 347.0 358.0 386.0 332.0 499.8 282.3
2021-12-14 4849.00 381.7 350.0 381.7 350.0 499.8 282.3
2021-12-15 17495.00 372.0 389.3 412.0 363.0 499.8 282.3
2021-12-16 5854.0 363.0 365.0 385.5 360.0 499.8 282.3
2021-12-20 4850.0 347.0 362.0 362.0 343.0 499.8 282.3
2021-12-21 5216.0 356.9 349.0 356.9 344.0 499.8 282.3
2021-12-22 7385.0 378.0 357.0 378.0 357.0 499.8 282.3
2021-12-23 8049.0 371.0 378.1 380.0 365.1 499.8 282.3
2021-12-26 8054.0 375.0 370.1 377.0 362.6 499.8 282.3
2021-12-27 11881.0 360.0 375.0 375.0 358.0 499.8 282.3
2021-12-28 4065.0 358.0 355.0 362.4 351.0 499.8 282.3
2021-12-29 4050.0 364.0 351.2 372.0 351.2 499.8 282.3
2022-01-02 11390.0 383.0 356.8 386.1 353.0 499.8 282.3
2022-01-03 13813.0 379.0 375.4 390.0 362.0 499.8 282.3
2022-01-04 7729.0 384.0 371.5 388.0 367.1 499.8 282.3
2022-01-05 14924.0 382.0 384.0 397.8 371.0 499.8 282.3
2022-01-06 11525.0 393.0 375.0 393.0 369.1 499.8 282.3
2022-01-09 24892.0 430.0 390.1 432.3 390.1 499.8 282.3
2022-01-10 20907.0 439.0 430.0 439.9 420.0 499.8 282.3
2022-01-11 31728.0 482.0 431.0 482.0 431.0 499.8 282.3
2022-01-12 25627.0 482.0 482.0 486.0 460.0 499.8 282.3
2022-01-13 20163.0 481.0 472.4 485.0 463.0 499.8 282.3
2022-01-16 32274.0 470.1 480.0 489.6 469.0 499.8 282.3
2022-01-17 28599.0 492.0 463.0 492.0 460.0 499.8 282.3
2022-01-18 30733.0 499.0 492.0 505.0 490.0 505.0 282.3
2022-01-19 13433.0 484.1 499.0 499.0 481.0 505.0 282.3
2022-01-20 34689.0 527.0 475.0 529.0 474.6 529.0 282.3
2022-01-23 31446.0 517.0 530.0 545.0 510.0 545.0 282.3
2022-01-24 37075.0 492.0 517.0 520.0 480.0 545.0 282.3
2022-01-25 18223.0 485.1 486.0 503.0 472.0 545.0 282.3
2022-01-26 11451.0 473.0 477.0 485.0 463.0 545.0 282.3
2022-01-27 9620.0 475.0 473.0 481.0 465.0 545.0 282.3
2022-01-30 25004.0 505.0 484.5 510.0 484.5 545.0 282.3
2022-01-31 9895.0 489.0 505.0 505.0 488.0 545.0 282.3
2022-02-01 21831.0 509.0 495.0 524.0 481.0 545.0 282.3
2022-02-03 56373.0 530.0 509.0 530.2 503.0 545.0 282.3
2022-02-06 34028.0 515.0 527.0 527.0 503.0 545.0 282.3
2022-02-07 11704.0 509.0 504.8 515.0 499.1 545.0 282.3
2022-02-09 13550.0 489.9 490.0 500.0 480.2 545.0 282.3
2022-02-10 13357.0 478.0 480.2 499.8 475.0 545.0 282.3
2022-02-13 21099.0 451.0 468.5 469.0 448.0 545.0 282.3
2022-02-14 7201.0 445.0 451.0 459.0 444.0 545.0 282.3
2022-02-15 11328.0 489.5 445.0 489.5 437.0 545.0 282.3
2022-02-16 17166.0 475.0 490.0 490.0 457.7 545.0 282.3
2022-02-17 7677.0 483.0 465.5 483.0 460.0 545.0 282.3
2022-02-20 30263.0 491.6 473.4 507.0 464.0 545.0 282.3
2022-02-21 28319.0 511.0 482.0 516.0 482.0 545.0 282.3
2022-02-22 68842.0 535.0 520.0 555.0 512.0 555.0 282.3
