2021-11-16 9462.0 520.0 520.0 520.0 503.0 761.0 389.0
2021-11-17 9813.0 519.0 529.0 542.6 512.0 761.0 389.0
2021-11-18 8457.0 502.0 515.0 517.0 502.0 761.0 389.0
2021-11-21 3595.0 508.1 502.0 517.0 500.0 761.0 389.0
2021-11-22 5241.0 510.0 515.0 527.7 507.0 761.0 389.0
2021-11-23 10653.0 495.0 507.0 515.0 492.0 761.0 389.0
2021-11-24 4576.0 506.9 500.0 506.9 490.0 761.0 389.0
2021-11-25 6758.0 523.5 500.0 537.5 500.0 761.0 389.0
2021-11-28 8116.0 499.0 514.0 514.0 499.0 761.0 389.0
2021-11-29 5520.0 494.8 489.1 508.7 489.1 761.0 389.0
2021-11-30 3783.0 499.0 490.5 500.0 486.1 761.0 389.0
2021-12-01 2440.0 491.0 500.0 500.0 490.0 761.0 389.0
2021-12-02 8974.0 484.0 499.9 499.9 484.0 761.0 389.0
2021-12-05 4040.0 457.2 475.0 479.0 457.1 761.0 389.0
2021-12-06 6430.0 475.0 456.0 480.0 450.0 761.0 389.0
2021-12-07 2250.0 470.0 484.5 484.5 470.0 761.0 389.0
2021-12-08 670.0 455.0 461.0 461.0 455.0 761.0 389.0
2021-12-09 3722.0 453.0 448.0 465.0 448.0 761.0 389.0
