2021-11-16 75.0 960.0 960.0 960.0 960.0 1000.0 950.0
2021-11-18 200.0 955.0 955.0 955.0 955.0 1000.0 950.0
2021-11-21 50.0 960.0 955.0 960.0 955.0 1000.0 950.0
2021-11-23 125.0 958.0 952.0 958.0 952.0 1000.0 950.0
2021-11-28 75.0 951.4 952.8 952.8 951.4 1000.0 950.0
2021-11-29 25.0 951.2 951.2 951.2 951.2 1000.0 950.0
2021-12-01 25.0 951.2 951.2 951.2 951.2 1000.0 950.0
2021-12-06 150.0 946.0 949.2 949.2 946.0 1000.0 946.0
2021-12-08 25.0 948.3 948.3 948.3 948.3 1000.0 946.0
2021-12-09 175.0 950.1 950.0 950.2 950.0 1000.0 946.0
