2021-11-16 76123.0 469.5 476.0 476.0 465.0 540.0 347.0
2021-11-17 53862.0 470.0 473.0 476.0 469.0 540.0 347.0
2021-11-18 51189.0 466.5 477.9 477.9 466.0 540.0 347.0
2021-11-21 35109.0 463.0 466.5 469.0 461.2 540.0 352.0
2021-11-22 41654.0 465.9 466.0 468.0 460.0 540.0 352.0
2021-11-23 31187.0 461.0 464.0 465.0 461.0 540.0 365.0
2021-11-24 40911.0 458.7 461.0 461.0 452.0 540.0 374.0
2021-11-25 47985.0 458.0 458.1 462.0 455.0 540.0 374.0
2021-11-28 54441.0 453.0 458.1 461.0 452.0 540.0 374.0
2021-11-29 49911.0 458.0 459.0 460.0 452.0 540.0 374.0
2021-11-30 42865.0 454.0 458.0 460.0 450.2 540.0 374.0
2021-12-01 41681.0 458.0 452.0 460.0 452.0 540.0 374.0
2021-12-02 103574.0 452.5 460.0 460.0 449.0 540.0 374.0
2021-12-05 79490.0 442.0 452.0 452.1 439.0 540.0 374.0
2021-12-06 93876.0 442.0 437.0 444.0 425.0 540.0 374.0
2021-12-07 275645.0 443.0 450.8 458.0 442.0 540.0 374.0
2021-12-08 99067.0 360.9 381.0 381.0 360.7 540.0 360.7
2021-12-09 72587.0 348.8 359.0 359.0 344.0 540.0 344.0
