2021-08-03 132661.0 801.1 770.0 801.1 738.0 817.0 143.0 BULLISH BULLISH BULLISH 780.07 759.03 716.97 695.93 822.13 843.17 885.23
2021-08-04 262588.0 765.0 785.1 786.0 754.1 817.0 143.0 BULLISH BULLISH BULLISH 768.37 750.73 736.47 718.83 782.63 800.27 814.53
2021-08-05 227156.0 746.0 775.0 775.0 744.0 817.0 143.0 BEARISH BULLISH BULLISH 768.37 750.73 736.47 718.83 782.63 800.27 814.53
2021-08-09 140049.0 762.5 756.0 767.0 740.0 817.0 143.0 BEARISH BULLISH BULLISH 756.5 746.0 729.5 719.0 773.0 783.5 800.0
2021-08-12 137347.0 818.0 822.0 838.0 805.0 865.5 143.0 BULLISH BULLISH BULLISH 820.33 802.67 787.33 769.67 835.67 853.33 868.67
2021-08-15 159816.0 793.0 818.0 825.0 761.0 865.5 143.0 BEARISH BULLISH BULLISH 793.0 761.0 729.0 697.0 825.0 857.0 889.0
2021-08-16 94563.0 781.0 793.0 808.0 778.0 865.5 143.0 BEARISH BULLISH BULLISH 789.0 770.0 759.0 740.0 800.0 819.0 830.0
2021-08-17 92012.0 791.0 795.0 805.0 776.0 865.5 143.0 BEARISH BULLISH BULLISH 789.0 770.0 759.0 740.0 800.0 819.0 830.0
2021-08-18 240132.0 853.0 806.8 867.0 805.0 867.0 143.0 BULLISH BULLISH BULLISH 841.67 816.33 779.67 754.33 878.33 903.67 940.33
2021-08-19 188649.0 866.0 870.0 920.0 840.1 920.0 143.0 BULLISH BULLISH BULLISH 875.37 830.73 795.47 750.83 910.63 955.27 990.53
2021-08-24 72659.0 831.0 866.0 867.0 826.0 920.0 145.0 BULLISH BULLISH BULLISH 841.33 815.67 800.33 774.67 856.67 882.33 897.67
