2021-11-16 10315.0 1046.0 1028.0 1048.0 1021.0 1399.0 780.0
2021-11-17 11464.0 1067.0 1066.0 1081.0 1044.8 1399.0 780.0
2021-11-18 8455.0 1045.7 1069.0 1080.0 1045.0 1399.0 780.0
2021-11-21 19314.0 1008.0 1024.8 1026.0 995.0 1399.0 833.0
2021-11-22 15449.0 1014.0 995.0 1024.0 995.0 1399.0 833.0
2021-11-23 13077.0 1000.0 1004.0 1010.0 1000.0 1399.0 833.0
2021-11-24 6695.0 1002.0 985.0 1003.0 985.0 1399.0 833.0
2021-11-25 8615.0 991.0 1000.0 1004.7 980.1 1399.0 833.0
2021-11-28 9709.0 950.0 981.0 990.0 941.0 1399.0 833.0
2021-11-29 8489.0 945.0 933.0 955.0 932.0 1399.0 833.0
2021-11-30 5923.0 944.0 945.0 948.0 930.0 1399.0 833.0
2021-12-01 3399.0 945.0 944.0 960.0 944.0 1399.0 833.0
2021-12-02 7335.0 920.0 957.9 957.9 920.0 1399.0 833.0
