2021-11-16 8655.0 723.0 700.0 729.0 700.0 994.0 507.0
2021-11-17 17489.0 724.0 737.0 737.0 715.0 994.0 507.0
2021-11-18 13125.0 705.5 726.0 726.0 704.0 994.0 507.0
2021-11-21 7204.0 705.0 715.0 715.0 692.2 994.0 507.0
2021-11-22 24355.0 723.0 715.0 734.0 715.0 994.0 507.0
2021-11-23 8784.0 704.0 717.0 717.0 700.0 994.0 507.0
2021-11-24 8983.0 703.9 690.0 706.0 690.0 994.0 507.0
2021-11-25 11610.0 695.0 690.0 703.0 690.0 994.0 507.0
2021-11-28 4315.0 683.0 683.0 685.1 672.0 994.0 507.0
2021-11-29 5597.0 679.5 690.0 690.0 669.0 994.0 507.0
2021-11-30 7617.0 687.0 666.0 690.0 653.0 994.0 507.0
2021-12-01 4079.0 668.1 678.0 690.0 664.5 994.0 507.0
2021-12-02 6518.0 655.0 679.0 679.0 645.0 994.0 507.0
2021-12-05 6883.0 631.0 645.0 646.0 621.5 994.0 507.0
2021-12-06 8867.0 633.0 624.0 635.0 611.0 994.0 507.0
2021-12-07 8521.0 613.0 645.6 657.0 613.0 994.0 507.0
2021-12-08 6980.0 604.0 605.0 625.0 601.0 994.0 507.0
2021-12-09 9935.0 604.0 593.0 612.0 590.0 994.0 507.0
