2021-08-03 12859.0 792.0 785.0 795.0 776.0 1016.0 137.0 BEARISH BULLISH - 787.67 780.33 768.67 761.33 799.33 806.67 818.33
2021-08-04 23149.0 788.0 799.0 806.0 786.3 1016.0 137.0 BEARISH BULLISH - 793.43 780.87 773.73 761.17 800.57 813.13 820.27
2021-08-05 13940.0 785.6 789.0 799.0 785.0 1016.0 137.0 BEARISH BULLISH - 793.43 780.87 773.73 761.17 800.57 813.13 820.27
2021-08-09 13295.0 771.0 775.0 775.0 762.0 1016.0 137.0 BEARISH BEARISH - 769.33 763.67 756.33 750.67 776.67 782.33 789.67
2021-08-12 22056.0 780.0 774.0 793.0 768.0 1016.0 137.0 BULLISH BULLISH - 780.33 767.67 755.33 742.67 792.67 805.33 817.67
2021-08-15 20471.0 780.0 795.0 795.0 772.0 1016.0 137.0 BULLISH BEARISH - 782.33 769.67 759.33 746.67 792.67 805.33 815.67
2021-08-16 15904.0 772.0 780.0 795.0 767.0 1016.0 137.0 BEARISH BEARISH - 778.0 761.0 750.0 733.0 789.0 806.0 817.0
2021-08-17 17267.0 761.0 765.1 772.0 761.0 1016.0 137.0 BEARISH BEARISH - 778.0 761.0 750.0 733.0 789.0 806.0 817.0
2021-08-18 26218.0 766.0 755.0 767.0 748.0 1016.0 137.0 BEARISH BEARISH - 760.33 753.67 741.33 734.67 772.67 779.33 791.67
2021-08-19 42508.0 789.0 761.0 809.0 761.0 1016.0 137.0 BULLISH BULLISH - 786.33 763.67 738.33 715.67 811.67 834.33 859.67
