2021-11-16 10900.0 906.0 890.0 913.9 888.0 1133.0 705.0
2021-11-17 13293.0 896.0 922.0 922.0 895.0 1133.0 705.0
2021-11-18 7994.0 886.2 888.0 899.0 882.0 1133.0 705.0
2021-11-21 9696.0 887.0 888.2 900.0 881.0 1133.0 725.0
2021-11-22 7820.0 886.0 903.9 903.9 885.0 1133.0 725.0
2021-11-23 8546.0 871.1 875.2 891.0 871.1 1133.0 725.0
2021-11-24 9174.0 873.5 871.0 875.9 859.0 1133.0 725.0
2021-11-25 57524.0 870.0 890.0 890.0 844.9 1133.0 736.0
2021-11-28 22416.0 701.0 765.0 765.0 699.0 1133.0 699.0
2021-11-29 9281.0 715.0 701.0 738.0 701.0 1133.0 699.0
2021-11-30 10660.0 708.9 715.0 729.0 700.0 1133.0 699.0
2021-12-01 4086.0 705.0 705.0 710.1 705.0 1133.0 699.0
2021-12-02 6069.0 682.9 704.9 705.0 680.0 1133.0 680.0
2021-12-05 16866.0 651.0 670.0 677.0 643.0 1133.0 643.0
2021-12-06 13320.0 662.0 650.0 670.0 630.0 1133.0 630.0
2021-12-07 8171.0 653.8 675.2 688.0 641.0 1133.0 630.0
2021-12-08 6783.0 639.0 650.0 650.0 635.0 1133.0 630.0
2021-12-09 8820.0 632.0 640.0 645.0 626.3 1133.0 626.3
