2021-08-03 52579.0 399.0 388.6 403.0 373.3 403.7 71.0
2021-08-04 69945.0 429.0 401.0 438.0 401.0 438.0 71.0
2021-08-05 52922.0 408.0 429.0 448.0 407.0 448.0 71.0
2021-08-09 80615.0 438.0 413.0 441.0 404.0 448.0 71.0
2021-08-12 44898.0 409.0 430.0 430.0 408.0 448.0 71.0
2021-08-15 43274.0 390.0 405.0 410.0 380.0 448.0 71.0
2021-08-16 74482.0 400.0 395.0 422.0 385.0 448.0 71.0
2021-08-17 219242.0 440.0 401.0 440.0 401.0 448.0 71.0
2021-08-18 181465.0 465.0 448.0 484.0 441.1 484.0 71.0
2021-08-19 220096.0 418.5 465.0 465.0 418.5 484.0 74.0
2021-08-24 78363.0 376.7 426.0 426.0 376.7 484.0 76.0
2021-08-25 48784.0 385.0 369.2 406.9 349.1 484.0 76.0
2021-08-26 63093.0 415.0 389.0 423.5 389.0 484.0 76.0
2021-08-29 57625.0 399.0 416.0 430.0 398.0 484.0 76.0
2021-08-31 34183.0 392.0 392.0 402.0 372.0 484.0 78.0
2021-09-01 25715.0 392.0 395.0 405.0 380.0 484.0 85.0
2021-09-02 22547.0 382.0 399.0 405.0 375.0 484.0 85.0
2021-09-05 36995.0 345.0 375.0 376.0 343.8 484.0 88.0
2021-09-07 27860.0 383.0 387.0 392.0 372.0 484.0 88.0
2021-09-08 12194.0 371.0 390.6 390.6 370.0 484.0 88.0
2021-09-09 19606.0 377.0 377.0 385.0 369.0 484.0 88.0
2021-09-12 61251.0 408.0 384.0 408.0 384.0 484.0 88.0
2021-09-13 34030.0 397.0 416.0 418.0 386.5 484.0 88.0
2021-09-14 19574.0 390.0 400.0 402.0 382.0 484.0 90.0
2021-09-15 10689.0 389.0 395.0 397.0 380.0 484.0 93.0
