2021-08-03 66412.0 495.0 450.0 495.0 444.1 495.0 111.0
2021-08-04 74544.0 536.0 504.9 544.5 504.9 544.5 111.0
2021-08-05 48393.0 522.0 546.0 546.0 508.0 546.0 111.0
2021-08-09 81646.0 565.0 544.6 587.0 525.0 587.0 111.0
2021-08-12 47739.0 530.0 541.1 551.0 529.0 587.0 111.0
2021-08-15 46823.0 522.0 520.0 540.6 477.0 587.0 111.0
2021-08-16 39385.0 546.0 512.0 552.0 512.0 587.0 111.0
2021-08-17 92984.0 589.9 552.0 600.0 541.0 600.0 111.0
2021-08-18 78685.0 607.0 599.0 642.0 599.0 642.0 112.0
2021-08-19 41997.0 578.0 600.0 600.0 563.5 642.0 112.0
2021-08-24 35821.0 529.0 566.5 566.5 520.3 642.0 112.0
2021-08-25 21530.0 519.9 518.5 539.3 507.0 642.0 112.0
2021-08-26 25051.0 540.0 520.0 559.0 515.0 642.0 112.0
2021-08-29 16823.0 521.0 550.0 561.0 515.0 642.0 114.0
2021-08-31 11871.0 508.0 530.0 541.0 500.0 642.0 122.0
2021-09-01 10406.0 490.0 518.0 537.0 490.0 642.0 122.0
2021-09-02 12686.0 482.0 482.0 520.0 482.0 642.0 122.0
2021-09-05 17797.0 434.0 482.0 491.0 433.8 642.0 122.0
2021-09-07 15423.0 471.0 486.0 496.0 471.0 642.0 122.0
2021-09-08 17440.0 474.0 461.6 486.5 459.0 642.0 123.0
2021-09-09 23143.0 493.0 483.4 494.0 475.0 642.0 123.0
2021-09-12 69732.0 542.3 502.8 542.3 502.8 642.0 128.0
