2021-11-16 13261.0 885.0 816.0 885.0 811.0 1162.0 596.0
2021-11-17 12010.0 867.0 894.0 894.0 860.0 1162.0 596.0
2021-11-18 8521.0 840.0 849.7 862.0 836.0 1162.0 596.0
2021-11-21 4188.0 842.0 824.1 854.0 824.1 1162.0 596.0
2021-11-22 7184.0 848.0 826.3 892.5 826.3 1162.0 596.0
2021-11-23 5090.0 824.0 855.0 855.0 810.0 1162.0 596.0
2021-11-24 3946.0 835.0 811.0 840.0 811.0 1162.0 596.0
2021-11-25 4702.0 821.0 822.1 837.0 820.0 1162.0 596.0
2021-11-28 11825.0 793.0 810.1 810.1 790.0 1162.0 596.0
2021-11-29 7389.0 784.0 780.0 800.0 779.5 1162.0 596.0
2021-11-30 5454.0 794.0 798.0 798.0 770.0 1162.0 596.0
2021-12-01 2037.0 786.0 798.0 798.0 785.0 1162.0 596.0
2021-12-02 8363.0 768.2 771.0 790.0 765.0 1162.0 596.0
2021-12-05 10545.0 739.0 755.1 775.0 720.0 1162.0 596.0
2021-12-06 6917.0 748.0 728.0 750.0 711.0 1162.0 596.0
2021-12-07 2853.0 740.0 734.0 777.9 734.0 1162.0 596.0
2021-12-08 3243.0 720.0 728.5 743.8 715.0 1162.0 596.0
2021-12-09 2746.0 729.0 720.0 730.0 711.5 1162.0 596.0
