2021-11-16 38635.0 435.0 428.0 440.0 417.1 574.0 116.0
2021-11-17 39856.0 430.0 441.6 461.0 427.0 574.0 116.0
2021-11-18 24590.0 421.0 422.0 435.0 415.0 574.0 116.0
2021-11-21 21586.0 422.0 421.0 443.9 421.0 574.0 116.0
2021-11-22 16328.0 424.0 425.0 432.0 422.0 574.0 116.0
2021-11-23 25603.0 408.0 420.0 423.0 406.7 574.0 116.0
2021-11-24 26520.0 418.9 400.0 424.0 395.0 574.0 116.0
2021-11-25 18834.0 415.0 425.0 425.0 415.0 574.0 116.0
2021-11-28 36270.0 396.0 413.0 413.0 396.0 574.0 116.0
2021-11-29 27223.0 398.0 388.5 410.0 388.5 574.0 116.0
2021-11-30 27382.0 399.9 398.0 404.9 392.5 574.0 116.0
2021-12-01 14864.0 402.0 400.0 408.0 400.0 574.0 116.0
2021-12-02 25460.0 388.0 400.0 400.0 384.0 574.0 116.0
