2021-11-16 76765.0 366.4 364.0 368.0 360.0 525.0 285.0
2021-11-17 56375.0 375.0 373.7 381.0 368.0 525.0 285.0
2021-11-18 70774.0 370.0 370.1 374.0 368.0 525.0 285.0
2021-11-21 55144.0 369.0 372.0 374.0 368.0 525.0 303.0
2021-11-22 43630.0 369.0 374.9 374.9 368.0 525.0 303.0
2021-11-23 49641.0 365.0 370.0 370.0 363.0 525.0 311.0
2021-11-24 39077.0 360.1 365.0 365.0 359.0 525.0 314.0
2021-11-25 56702.0 361.0 358.0 367.0 358.0 525.0 316.0
2021-11-28 63980.0 353.0 360.0 367.0 351.1 525.0 319.0
2021-11-29 47677.0 350.8 355.0 355.0 349.2 525.0 319.0
2021-11-30 71448.0 348.5 355.0 355.0 342.5 525.0 319.0
2021-12-01 20974.0 348.0 348.0 350.0 345.0 525.0 319.0
2021-12-02 46064.0 342.5 350.0 351.0 341.1 525.0 319.0
2021-12-05 62272.0 337.0 343.0 343.0 332.0 525.0 319.0
2021-12-06 65450.0 337.0 336.0 340.0 323.5 525.0 319.0
2021-12-07 60917.0 334.0 342.0 343.7 334.0 525.0 319.0
2021-12-08 75993.0 324.9 336.5 337.0 323.0 525.0 319.0
2021-12-09 46497.0 328.5 330.9 331.5 325.0 525.0 319.0
