2021-11-16 22248.0 9.67 9.33 9.71 9.33 11.22 9.09
2021-11-17 32500.0 9.47 9.49 9.5 9.42 11.22 9.09
2021-11-18 11950.0 9.5 9.5 9.5 9.32 11.22 9.09
2021-11-21 14950.0 9.43 9.31 9.45 9.31 11.22 9.09
2021-11-22 24900.0 9.51 9.34 9.61 9.34 11.22 9.09
2021-11-23 15700.0 9.44 9.45 9.6 9.41 11.22 9.09
2021-11-24 10805.0 9.4 9.29 9.5 9.29 11.22 9.09
2021-11-25 11780.0 9.41 9.52 9.52 9.33 11.22 9.09
2021-11-28 80121.0 9.08 9.26 9.35 9.08 11.22 9.08
2021-11-29 20500.0 9.28 9.22 9.35 9.22 11.22 9.08
2021-11-30 9625.0 9.22 9.12 9.3 9.12 11.22 9.08
2021-12-01 14000.0 9.3 9.35 9.35 9.17 11.22 9.08
2021-12-02 36999.0 9.2 9.13 9.25 9.13 11.22 9.08
