2021-08-03 58540.0 905.0 885.0 911.1 885.0 1340.0 161.0 BULLISH BULLISH BULLISH 900.37 889.63 874.27 863.53 915.73 926.47 941.83
2021-08-04 216781.0 955.0 910.0 995.0 910.0 1340.0 163.0 BULLISH BULLISH BULLISH 953.33 911.67 868.33 826.67 996.67 1038.33 1081.67
2021-08-05 117279.0 951.0 941.9 980.0 926.1 1340.0 163.0 BULLISH BULLISH BULLISH 953.33 911.67 868.33 826.67 996.67 1038.33 1081.67
2021-08-09 277825.0 996.0 999.6 1039.0 981.0 1340.0 165.0 BULLISH BULLISH BULLISH 1005.33 971.67 947.33 913.67 1029.67 1063.33 1087.67
2021-08-12 121128.0 950.0 967.1 969.0 938.2 1340.0 165.0 BEARISH BULLISH BULLISH 952.4 935.8 921.6 905.0 966.6 983.2 997.4
2021-08-15 154834.0 910.0 931.0 948.0 863.0 1340.0 165.0 BEARISH BULLISH BULLISH 907.0 866.0 822.0 781.0 951.0 992.0 1036.0
2021-08-16 51768.0 909.0 918.0 927.0 893.0 1340.0 165.0 BEARISH BULLISH BULLISH 909.67 892.33 875.67 858.33 926.33 943.67 960.33
2021-08-17 72333.0 931.0 925.0 942.0 912.0 1340.0 165.0 BEARISH BULLISH BULLISH 909.67 892.33 875.67 858.33 926.33 943.67 960.33
2021-08-18 87890.0 913.0 931.0 955.0 908.0 1340.0 169.0 BEARISH BEARISH BULLISH 925.33 895.67 878.33 848.67 942.67 972.33 989.67
2021-08-19 92024.0 894.0 900.0 938.0 893.0 1340.0 171.0 BEARISH BEARISH BULLISH 908.33 878.67 863.33 833.67 923.67 953.33 968.67
2021-08-24 86883.0 837.0 890.0 890.0 835.0 1340.0 172.0 BEARISH BEARISH BULLISH 854.0 818.0 799.0 763.0 873.0 909.0 928.0
