2021-11-16 110.0 18690.0 18495.0 18690.0 18495.0 24370.0 12872.0
2021-11-17 65.0 18560.0 18325.0 18890.0 18325.0 24370.0 12872.0
2021-11-18 530.0 18360.0 18900.0 18900.0 18000.0 24370.0 12872.0
2021-11-21 100.0 18230.1 18201.0 18500.0 18201.0 24370.0 12872.0
2021-11-22 170.0 18200.0 18551.0 18689.0 18200.0 24370.0 12872.0
2021-11-23 215.0 17951.0 18100.0 18459.9 17836.0 24370.0 12872.0
2021-11-24 332.0 18000.0 17701.0 18289.9 17592.0 24370.0 12872.0
2021-11-25 240.0 17640.0 18002.0 18250.0 17640.0 24370.0 12872.0
2021-11-28 289.0 17340.0 17450.0 17799.0 17340.0 24370.0 12872.0
2021-11-29 499.0 17457.0 17686.0 17686.0 17015.0 24370.0 12872.0
2021-11-30 270.0 18000.1 17798.9 18160.0 17798.9 24370.0 12872.0
2021-12-01 480.0 17700.0 17999.0 17999.0 17670.0 24370.0 12872.0
2021-12-02 210.0 17280.0 17975.0 17975.0 17100.0 24370.0 12872.0
