2021-11-16 735.0 13755.0 13800.0 13800.0 13530.0 20185.0 12600.0
2021-11-17 230.0 13540.0 13900.0 13900.0 13540.0 20185.0 12600.0
2021-11-18 245.0 13428.0 13700.0 13700.0 13428.0 20185.0 12600.0
2021-11-21 145.0 13969.0 13695.0 13969.0 13424.0 20185.0 12600.0
2021-11-22 590.0 13700.0 14100.0 14150.0 13700.0 20185.0 12600.0
2021-11-23 875.0 13800.0 13973.0 14001.0 13600.0 20185.0 12600.0
2021-11-24 250.0 13600.0 13560.0 13605.0 13550.0 20185.0 12600.0
2021-11-25 940.0 13558.0 13701.0 13701.0 13328.0 20185.0 12600.0
2021-11-28 2223.0 12800.0 13401.0 13406.0 12800.0 20185.0 12600.0
2021-11-29 1150.0 13050.8 13056.0 13317.1 13050.8 20185.0 12600.0
2021-11-30 370.0 13499.0 13300.0 13500.0 13300.0 20185.0 12600.0
2021-12-01 490.0 13300.0 13350.0 13400.0 13300.0 20185.0 12600.0
2021-12-02 565.0 13250.0 13557.0 13566.0 13200.0 20185.0 12600.0
