2021-08-03 137133.0 759.0 746.0 769.0 726.0 769.0 80.0 BULLISH BULLISH BULLISH 751.33 733.67 708.33 690.67 776.67 794.33 819.67
2021-08-04 186882.0 760.0 763.0 775.0 740.0 775.0 80.0 BULLISH BULLISH BULLISH 758.33 741.67 723.33 706.67 776.67 793.33 811.67
2021-08-05 166005.0 721.0 775.2 775.2 721.0 775.2 80.0 BEARISH BULLISH BULLISH 758.33 741.67 723.33 706.67 776.67 793.33 811.67
2021-08-09 269678.0 770.0 779.0 779.2 749.0 780.0 82.0 BULLISH BULLISH BULLISH 766.07 752.93 735.87 722.73 783.13 796.27 813.33
2021-08-12 334036.0 880.0 876.0 920.0 841.0 920.0 82.0 BULLISH BULLISH BULLISH 880.33 840.67 801.33 761.67 919.67 959.33 998.67
2021-08-15 733588.0 805.0 880.0 880.0 792.0 920.0 82.0 BEARISH BULLISH BULLISH 825.67 771.33 737.67 683.33 859.33 913.67 947.33
2021-08-16 465664.0 885.5 788.9 885.5 788.9 920.0 82.0 BULLISH BULLISH BULLISH 853.3 821.1 756.7 724.5 917.7 949.9 1014.3
2021-08-17 571841.0 974.0 903.2 974.0 903.2 974.0 82.0 BULLISH BULLISH BULLISH 853.3 821.1 756.7 724.5 917.7 949.9 1014.3
2021-08-18 402420.0 955.0 993.0 1032.0 942.0 1032.0 83.0 BULLISH BULLISH BULLISH 976.33 920.67 886.33 830.67 1010.67 1066.33 1100.67
2021-08-19 593273.0 1037.0 960.0 1044.0 923.0 1044.0 83.0 BULLISH BULLISH BULLISH 1001.33 958.67 880.33 837.67 1079.67 1122.33 1200.67
