2021-11-16 79800.0 404.9 383.0 405.0 382.9 613.0 212.0
2021-11-17 54707.0 398.0 412.0 421.0 395.1 613.0 212.0
2021-11-18 31973.0 389.0 398.0 400.0 388.2 613.0 212.0
2021-11-21 30937.0 387.4 390.0 395.0 386.1 613.0 212.0
2021-11-22 31396.0 391.0 388.2 397.5 387.5 613.0 212.0
2021-11-23 45708.0 380.0 385.0 388.0 378.0 613.0 212.0
2021-11-24 22125.0 380.0 375.5 385.0 372.0 613.0 212.0
2021-11-25 18933.0 376.0 387.0 387.0 374.0 613.0 220.0
2021-11-28 49746.0 365.1 368.9 380.0 356.0 613.0 224.0
2021-11-29 26204.0 367.0 362.0 375.0 362.0 613.0 224.0
2021-11-30 29626.0 366.0 363.1 375.5 361.0 613.0 231.0
2021-12-01 28914.0 371.5 373.0 377.0 366.1 613.0 236.0
2021-12-02 52186.0 362.0 371.0 371.9 355.0 613.0 236.0
2021-12-05 37447.0 352.0 356.0 360.0 350.0 613.0 236.0
2021-12-06 51095.0 365.0 359.0 370.0 336.2 613.0 236.0
2021-12-07 28033.0 355.0 365.0 372.3 353.0 613.0 236.0
2021-12-08 22611.0 347.0 351.0 358.0 345.0 613.0 236.0
2021-12-09 35997.0 339.0 341.0 350.1 338.1 613.0 236.0
