2021-11-16 41697.0 585.0 575.0 586.0 564.0 814.0 156.0
2021-11-17 157101.0 621.1 596.7 634.0 588.0 814.0 156.0
2021-11-18 95221.0 611.0 633.5 633.5 606.0 814.0 156.0
2021-11-21 45471.0 614.0 623.2 623.2 599.1 814.0 156.0
2021-11-22 34590.0 595.2 620.0 620.0 595.0 814.0 156.0
2021-11-23 57410.0 578.0 585.0 600.0 570.0 814.0 156.0
2021-11-24 51122.0 587.0 589.5 600.0 563.5 814.0 156.0
2021-11-25 31627.0 586.0 590.0 599.0 585.0 814.0 156.0
2021-11-28 46508.0 554.1 575.0 584.9 554.1 814.0 156.0
2021-11-29 40570.0 555.0 565.0 580.0 548.0 814.0 156.0
2021-11-30 71046.0 555.0 544.0 571.0 544.0 814.0 156.0
2021-12-01 31413.0 560.0 566.0 573.0 552.0 814.0 156.0
2021-12-02 44401.0 530.1 555.0 557.0 529.0 814.0 156.0
