2021-08-03 31158.0 712.0 718.0 718.0 705.2 818.0 322.0 BULLISH BULLISH BULLISH 711.73 705.47 698.93 692.67 718.27 724.53 731.07
2021-08-04 28540.0 709.0 712.1 715.0 705.0 818.0 322.0 BEARISH BULLISH BULLISH 709.67 704.33 699.67 694.33 714.33 719.67 724.33
2021-08-05 26829.0 704.0 723.1 723.1 700.0 818.0 322.0 BEARISH BULLISH BULLISH 709.67 704.33 699.67 694.33 714.33 719.67 724.33
2021-08-09 24909.0 707.0 700.0 708.0 686.0 818.0 322.0 BULLISH BULLISH BULLISH 700.33 692.67 678.33 670.67 714.67 722.33 736.67
2021-08-12 52550.0 706.0 700.0 710.0 697.1 818.0 322.0 BULLISH BULLISH BULLISH 704.37 698.73 691.47 685.83 711.63 717.27 724.53
2021-08-15 35362.0 690.0 692.0 706.0 686.0 818.0 322.0 BEARISH BEARISH BULLISH 694.0 682.0 674.0 662.0 702.0 714.0 722.0
2021-08-16 31985.0 683.0 690.0 699.0 678.5 818.0 322.0 BEARISH BEARISH BEARISH 686.83 674.67 666.33 654.17 695.17 707.33 715.67
2021-08-17 24765.0 681.0 679.0 691.0 676.0 818.0 322.0 BEARISH BEARISH BEARISH 686.83 674.67 666.33 654.17 695.17 707.33 715.67
2021-08-18 31293.0 683.0 694.6 694.6 667.4 818.0 322.0 BEARISH BEARISH BEARISH 681.67 668.73 654.47 641.53 695.93 708.87 723.13
2021-08-19 106811.0 704.0 685.0 728.0 683.0 818.0 322.0 BULLISH BULLISH BULLISH 705.0 682.0 660.0 637.0 727.0 750.0 772.0
2021-08-24 33474.0 692.0 718.0 718.0 690.0 818.0 322.0 BULLISH BEARISH BULLISH 700.0 682.0 672.0 654.0 710.0 728.0 738.0
