2021-11-16 38138.0 1490.0 1499.0 1509.0 1471.2 1800.0 856.0
2021-11-17 27604.0 1516.0 1515.0 1565.0 1500.0 1800.0 856.0
2021-11-18 18214.0 1517.0 1516.0 1545.0 1500.0 1800.0 856.0
2021-11-21 13045.0 1507.0 1540.0 1544.0 1501.6 1800.0 856.0
2021-11-22 18093.0 1496.0 1535.0 1535.0 1485.0 1800.0 856.0
2021-11-23 14914.0 1468.2 1490.0 1509.0 1465.0 1800.0 856.0
2021-11-24 10701.0 1463.0 1453.0 1486.0 1453.0 1800.0 856.0
2021-11-25 14001.0 1449.0 1492.2 1492.2 1445.0 1800.0 856.0
2021-11-28 16363.0 1413.9 1445.0 1450.0 1410.0 1800.0 856.0
2021-11-29 18368.0 1399.0 1413.0 1440.0 1390.0 1800.0 856.0
2021-11-30 10677.0 1403.0 1423.9 1447.9 1390.0 1800.0 871.0
2021-12-01 17516.0 1424.0 1430.0 1458.0 1408.0 1800.0 871.0
2021-12-02 18037.0 1398.0 1440.0 1451.0 1388.2 1800.0 882.0
2021-12-05 13044.0 1354.0 1400.0 1400.0 1345.0 1800.0 882.0
2021-12-06 12862.0 1378.0 1335.0 1380.0 1315.0 1800.0 882.0
2021-12-07 5427.0 1342.0 1390.0 1398.9 1340.0 1800.0 882.0
2021-12-08 10032.0 1299.0 1330.0 1356.0 1291.0 1800.0 903.0
2021-12-09 11817.0 1280.0 1285.0 1300.0 1275.0 1800.0 903.0
