2021-11-16 19475.0 9.64 9.5 9.69 9.4 10.3 9.2
2021-11-17 7800.0 9.5 9.45 9.83 9.38 10.3 9.2
2021-11-18 14150.0 9.5 9.6 9.68 9.4 10.3 9.2
2021-11-21 10200.0 9.54 9.4 9.54 9.36 10.3 9.2
2021-11-22 6500.0 9.41 9.35 9.63 9.35 10.3 9.2
2021-11-23 10800.0 9.37 9.35 9.5 9.35 10.3 9.2
2021-11-24 38350.0 9.32 9.37 9.5 9.31 10.3 9.2
2021-11-25 5250.0 9.32 9.33 9.48 9.3 10.3 9.2
2021-11-28 7160.0 9.44 9.32 9.44 9.22 10.3 9.2
2021-11-29 2713.0 9.35 9.47 9.5 9.35 10.3 9.2
2021-11-30 17137.0 9.21 9.2 9.3 9.18 10.3 9.18
2021-12-01 3700.0 9.35 9.21 9.35 9.17 10.3 9.17
2021-12-02 21501.0 9.21 9.2 9.36 9.2 10.3 9.17
