2021-08-03 172377.0 533.0 504.0 533.0 500.0 550.0 88.0
2021-08-04 202329.0 545.0 543.0 575.0 543.0 575.0 88.0
2021-08-05 147180.0 535.1 555.9 560.0 529.0 575.0 88.0
2021-08-09 184545.0 567.0 562.0 585.0 557.6 585.0 88.0
2021-08-12 218051.0 650.0 618.0 666.6 618.0 666.6 88.0
2021-08-15 158040.0 616.0 651.0 651.0 585.0 666.6 88.0
2021-08-16 115579.0 627.0 616.0 638.0 600.1 666.6 88.0
2021-08-17 123994.0 644.1 639.0 664.7 634.0 666.6 88.0
2021-08-18 184937.0 660.0 656.9 700.0 651.0 700.0 88.0
2021-08-19 178801.0 645.0 660.0 663.0 630.0 700.0 88.0
2021-08-24 215244.0 610.0 645.0 647.0 610.0 700.0 88.0
2021-08-25 106562.0 605.0 599.0 632.0 587.1 700.0 88.0
2021-08-26 142454.0 616.0 615.0 648.0 602.7 700.0 90.0
2021-08-29 164837.0 635.0 628.3 665.0 628.3 700.0 93.0
2021-08-31 180056.0 632.0 635.0 663.0 625.0 700.0 93.0
2021-09-01 103083.0 610.0 643.0 645.0 606.0 700.0 100.0
2021-09-02 138263.0 599.0 621.9 621.9 570.0 700.0 100.0
2021-09-05 172089.0 570.2 590.0 605.0 551.2 700.0 100.0
2021-09-07 73908.0 600.0 630.3 630.3 598.0 700.0 100.0
2021-09-08 375556.0 650.0 590.0 655.0 588.0 700.0 100.0
