2021-11-16 13492.0 814.9 808.5 819.0 798.7 1194.4 562.0
2021-11-17 8758.0 820.0 831.1 831.1 806.0 1194.4 562.0
2021-11-18 6545.0 805.0 836.4 836.4 800.0 1194.4 562.0
2021-11-21 4798.0 800.0 821.1 821.1 790.2 1194.4 562.0
2021-11-22 2950.0 796.0 801.0 815.0 791.0 1194.4 562.0
2021-11-23 3222.0 786.0 799.9 799.9 780.0 1194.4 562.0
2021-11-24 3955.0 773.0 801.7 801.7 763.0 1194.4 562.0
2021-11-25 6506.0 775.0 788.4 788.4 765.0 1194.4 562.0
2021-11-28 5430.0 754.0 790.0 805.0 745.0 1194.4 562.0
2021-11-29 6122.0 753.0 750.0 755.5 740.0 1194.4 562.0
2021-11-30 3471.0 759.0 768.0 768.0 731.0 1194.4 562.0
2021-12-01 4233.0 759.0 774.1 789.4 744.8 1194.4 562.0
2021-12-02 5299.0 737.0 771.0 771.0 728.0 1194.4 562.0
