2021-11-16 1890.0 1060.0 1045.6 1087.7 1024.1 1849.2 356.0
2021-11-17 2261.0 1071.0 1050.0 1091.4 1050.0 1849.2 356.0
2021-11-18 1852.0 1050.0 1052.0 1092.0 1038.8 1849.2 356.0
2021-11-21 1163.0 1035.0 1060.0 1071.0 1033.0 1849.2 356.0
2021-11-22 1061.0 1026.0 1020.0 1060.0 1020.0 1849.2 356.0
2021-11-23 1797.0 1030.0 1026.0 1035.0 1010.0 1849.2 356.0
2021-11-24 970.0 1035.0 1009.4 1035.0 1000.0 1849.2 356.0
2021-11-25 806.0 1026.0 1055.0 1055.0 1020.0 1849.2 356.0
2021-11-28 3064.0 1000.0 1026.0 1026.0 995.0 1849.2 356.0
2021-11-29 1463.0 985.0 1000.0 1006.0 985.0 1849.2 356.0
2021-11-30 1816.0 990.0 1004.7 1004.7 971.0 1849.2 356.0
2021-12-01 1314.0 988.0 990.0 1020.0 988.0 1849.2 356.0
2021-12-02 1051.0 970.0 982.0 994.0 970.0 1849.2 356.0
