2021-08-03 8778.0 2126.0 2140.0 2183.0 2117.0 2183.0 699.0
2021-08-04 10797.0 2079.0 2155.0 2168.5 2040.0 2183.0 699.0
2021-08-05 4157.0 2060.0 2045.0 2080.0 2005.0 2183.0 699.0
2021-08-09 2868.0 1995.0 2010.0 2030.8 1968.2 2183.0 699.0
2021-08-12 6672.0 2050.0 2010.0 2063.0 2002.0 2183.0 707.0
2021-08-15 13031.0 2123.0 2090.0 2151.9 2026.0 2183.0 707.0
2021-08-16 8043.0 2127.0 2100.0 2165.4 2100.0 2183.0 707.0
2021-08-17 4862.0 2109.0 2135.0 2135.0 2096.0 2183.0 707.0
2021-08-18 2131.0 2082.0 2081.0 2145.0 2070.0 2183.0 711.0
2021-08-19 5409.0 2075.0 2081.0 2140.0 2057.0 2183.0 711.0
2021-08-24 2671.0 2062.0 2070.0 2090.0 2036.0 2183.0 751.0
2021-08-25 2887.0 2022.0 2027.0 2055.0 2021.0 2183.0 751.0
2021-08-26 7095.0 2024.0 2006.1 2043.0 2004.0 2183.0 751.0
2021-08-29 2629.0 1980.0 2010.1 2015.0 1960.0 2183.0 751.0
2021-08-31 11453.0 1880.0 1950.0 1960.0 1876.0 2183.0 793.0
2021-09-01 4018.0 1886.0 1899.0 1917.0 1857.0 2183.0 801.0
2021-09-02 5267.0 1880.0 1870.0 1923.0 1860.0 2183.0 801.0
2021-09-05 1707.0 1823.0 1845.0 1869.8 1762.0 2183.0 801.0
2021-09-06 3756.0 1889.9 1845.0 1915.0 1795.0 2183.0 801.0
