2021-11-16 54141.0 421.0 415.9 424.2 408.0 595.0 164.0
2021-11-17 116657.0 423.0 429.0 444.0 415.8 595.0 164.0
2021-11-18 46496.0 412.0 416.0 430.0 410.0 595.0 164.0
2021-11-21 28752.0 410.1 419.5 420.0 408.0 595.0 164.0
2021-11-22 52571.0 409.0 418.3 418.3 407.7 595.0 164.0
2021-11-23 65864.0 398.5 401.9 417.1 395.0 595.0 164.0
2021-11-24 56976.0 399.0 395.0 405.0 390.0 595.0 164.0
2021-11-25 73619.0 400.0 400.0 407.0 387.1 595.0 164.0
2021-11-28 78129.0 378.5 400.0 400.0 378.5 595.0 164.0
2021-11-29 51133.0 380.0 386.0 399.8 370.0 595.0 164.0
2021-11-30 26515.0 381.9 386.9 387.0 373.0 595.0 164.0
2021-12-01 22066.0 384.0 376.0 390.0 376.0 595.0 164.0
2021-12-02 42946.0 368.0 390.0 390.0 368.0 595.0 164.0
2021-12-05 46456.0 350.0 368.0 370.0 347.0 595.0 164.0
2021-12-06 98123.0 363.0 350.0 369.0 336.2 595.0 164.0
2021-12-07 48202.0 349.0 370.0 384.9 346.0 595.0 164.0
2021-12-08 19523.0 335.3 345.0 365.0 335.1 595.0 164.0
2021-12-09 61267.0 338.5 330.2 345.0 328.0 595.0 164.0
