2021-11-16 17400.0 13.32 13.41 13.41 13.17 20.19 10.53
2021-11-17 55000.0 13.2 13.32 13.65 13.13 20.19 10.53
2021-11-18 49938.0 13.11 13.13 13.18 13.0 20.19 10.53
2021-11-21 148380.0 12.92 13.01 13.27 12.79 20.19 10.53
2021-11-22 24181.0 13.01 12.92 13.18 12.92 20.19 10.53
2021-11-23 44340.0 13.02 13.25 13.25 12.98 20.19 10.53
2021-11-24 16500.0 13.1 12.99 13.1 12.99 20.19 10.53
2021-11-25 83500.0 13.1 13.05 13.2 13.02 20.19 10.53
2021-11-28 207000.0 12.89 12.92 13.1 12.84 20.19 10.53
2021-11-29 24100.0 12.83 12.83 12.84 12.83 20.19 10.53
2021-11-30 80800.0 13.1 12.84 13.19 12.84 20.19 10.53
2021-12-01 13500.0 13.0 12.87 13.1 12.87 20.19 10.53
2021-12-02 74892.0 12.65 13.26 13.26 12.65 20.19 10.53
