2021-11-16 106613.0 762.0 714.0 765.0 700.5 789.4 405.3
2021-11-17 111965.0 752.0 762.0 780.0 747.0 789.4 405.3
2021-11-18 79612.0 726.0 740.0 752.0 725.0 789.4 405.3
2021-11-21 57348.0 712.0 712.0 748.6 712.0 789.4 405.3
2021-11-22 61413.0 723.0 701.0 733.0 701.0 789.4 405.3
2021-11-23 61860.0 710.0 723.0 725.0 705.0 789.4 405.3
2021-11-24 40398.0 716.0 700.0 725.1 697.0 789.4 405.3
2021-11-25 36247.0 706.0 716.0 730.0 705.0 789.4 405.3
2021-11-28 61690.0 682.0 692.0 704.0 679.0 789.4 405.3
2021-11-29 59294.0 658.0 675.0 683.0 655.0 789.4 405.3
2021-11-30 42982.0 649.0 655.0 678.3 640.0 789.4 405.3
2021-12-01 24083.0 649.0 636.1 666.6 636.1 789.4 405.3
2021-12-02 38173.0 620.0 648.0 653.0 616.6 789.4 405.3
