2021-11-16 71340.0 401.0 386.0 404.9 381.0 564.9 300.0
2021-11-17 39497.0 396.0 405.0 407.8 395.0 564.9 300.0
2021-11-18 46042.0 389.0 398.0 400.0 386.0 564.9 300.0
2021-11-21 40428.0 384.0 393.0 394.9 384.0 564.9 300.0
2021-11-22 36330.0 387.9 385.0 388.4 383.0 564.9 300.0
2021-11-23 41575.0 381.9 387.9 387.9 381.1 564.9 300.0
2021-11-24 59461.0 377.0 381.9 381.9 373.0 564.9 300.0
2021-11-25 43608.0 375.1 378.5 382.0 373.0 564.9 300.0
2021-11-28 71149.0 361.0 373.1 375.0 360.0 564.9 300.0
2021-11-29 94402.0 357.0 359.0 366.0 355.0 564.9 300.0
2021-11-30 48904.0 359.0 362.0 362.5 355.0 564.9 300.0
2021-12-01 31431.0 360.0 361.0 365.0 358.0 564.9 300.0
2021-12-02 38037.0 357.0 360.0 365.0 357.0 564.9 300.0
