2021-11-16 25049.0 420.0 412.0 421.0 411.0 540.0 138.0
2021-11-17 28023.0 409.0 420.0 425.0 406.0 540.0 138.0
2021-11-18 25098.0 398.3 401.0 409.5 398.0 540.0 138.0
2021-11-21 10763.0 393.0 390.4 414.2 390.4 540.0 138.0
2021-11-22 18447.0 393.0 395.0 410.0 393.0 540.0 138.0
2021-11-23 18138.0 388.0 391.0 397.9 384.0 540.0 138.0
2021-11-24 17614.0 391.0 388.0 403.4 378.0 540.0 138.0
2021-11-25 16619.0 391.1 398.8 405.0 390.1 540.0 138.0
2021-11-28 27086.0 377.0 383.3 388.0 373.0 540.0 138.0
2021-11-29 8551.0 380.0 377.0 391.0 377.0 540.0 138.0
2021-11-30 7760.0 379.0 384.5 384.5 373.2 540.0 138.0
2021-12-01 6923.0 376.3 386.4 388.6 376.3 540.0 138.0
2021-12-02 11255.0 367.0 369.0 383.8 366.0 540.0 138.0
2021-12-05 13683.0 345.0 364.0 364.4 345.0 540.0 138.0
2021-12-06 29708.0 361.0 350.0 364.1 316.0 540.0 138.0
2021-12-07 15081.0 344.0 368.0 373.0 342.1 540.0 138.0
2021-12-08 15052.0 332.5 344.0 344.0 328.3 540.0 138.0
2021-12-09 21432.0 333.0 325.9 340.0 320.0 540.0 138.0
