2021-11-16 6743.0 9.75 9.35 9.75 9.35 11.29 9.16
2021-11-17 16267.0 9.8 9.75 9.93 9.71 11.29 9.16
2021-11-18 6570.0 9.49 9.8 9.8 9.44 11.29 9.16
2021-11-21 5560.0 9.5 9.35 9.5 9.35 11.29 9.16
2021-11-22 3470.0 9.42 9.31 9.49 9.31 11.29 9.16
2021-11-23 34705.0 9.6 9.6 9.7 9.5 11.29 9.16
2021-11-24 7210.0 9.52 9.7 9.72 9.51 11.29 9.16
2021-11-25 8500.0 9.52 9.52 9.55 9.52 11.29 9.16
2021-11-28 21850.0 9.25 9.52 9.52 9.11 11.29 9.11
2021-11-29 3370.0 9.31 9.22 9.43 9.22 11.29 9.11
2021-11-30 11631.0 9.3 9.4 9.49 9.3 11.29 9.11
2021-12-01 5050.0 9.27 9.3 9.3 9.22 11.29 9.11
2021-12-02 20159.0 9.15 9.21 9.26 9.13 11.29 9.11
