2021-08-03 35229.0 425.0 426.0 430.0 423.5 491.0 385.0 BEARISH BULLISH BULLISH 426.17 422.33 419.67 415.83 428.83 432.67 435.33
2021-08-04 39884.0 425.0 433.0 434.5 423.0 491.0 385.0 BEARISH BULLISH BULLISH 427.5 420.5 416.0 409.0 432.0 439.0 443.5
2021-08-05 43891.0 422.0 429.0 430.0 421.0 491.0 385.0 BEARISH BEARISH BULLISH 427.5 420.5 416.0 409.0 432.0 439.0 443.5
2021-08-09 33403.0 420.9 423.0 425.0 420.0 491.0 385.0 BEARISH BEARISH BULLISH 421.97 418.93 416.97 413.93 423.93 426.97 428.93
2021-08-12 62765.0 427.0 430.0 430.0 423.0 491.0 385.0 BULLISH BEARISH BULLISH 426.67 423.33 419.67 416.33 430.33 433.67 437.33
2021-08-15 67594.0 425.0 430.0 430.0 417.0 491.0 385.0 BEARISH BEARISH BULLISH 424.0 418.0 411.0 405.0 431.0 437.0 444.0
2021-08-16 138377.0 410.5 417.0 417.0 407.7 491.0 385.0 BEARISH BEARISH BEARISH 411.73 406.47 402.43 397.17 415.77 421.03 425.07
2021-08-17 137752.0 401.1 405.0 409.9 400.0 491.0 385.0 BEARISH BEARISH BEARISH 411.73 406.47 402.43 397.17 415.77 421.03 425.07
2021-08-18 70910.0 402.0 400.0 405.0 397.3 491.0 385.0 BEARISH BEARISH BEARISH 401.43 397.87 393.73 390.17 405.57 409.13 413.27
2021-08-19 46906.0 401.0 402.0 414.0 400.0 491.0 385.0 BEARISH BEARISH BEARISH 405.0 396.0 391.0 382.0 410.0 419.0 424.0
2021-08-24 34748.0 398.0 405.0 405.0 396.0 491.0 385.0 BEARISH BEARISH BEARISH 399.67 394.33 390.67 385.33 403.33 408.67 412.33
