2021-11-16 55838.0 504.0 497.0 506.0 494.0 605.0 328.0
2021-11-17 79365.0 506.0 505.0 508.0 500.0 605.0 328.0
2021-11-18 52517.0 497.0 506.0 506.0 492.0 605.0 328.0
2021-11-21 33569.0 497.1 497.0 499.0 494.1 605.0 332.0
2021-11-22 35083.0 492.1 499.0 499.0 492.0 605.0 332.0
2021-11-23 57952.0 489.0 493.0 493.0 485.0 605.0 332.0
2021-11-24 74876.0 482.0 490.0 490.0 479.0 605.0 333.0
2021-11-25 57132.0 479.0 490.0 490.0 474.0 605.0 333.0
2021-11-28 63068.0 468.0 470.0 475.1 461.0 605.0 333.0
2021-11-29 33939.0 465.0 470.0 474.0 460.0 605.0 333.0
2021-11-30 75981.0 463.0 469.0 473.0 456.0 605.0 333.0
2021-12-01 69410.0 464.0 466.0 472.2 463.0 605.0 333.0
2021-12-02 66129.0 458.0 468.0 468.0 455.0 605.0 333.0
