2021-11-16 11875.0 528.0 520.0 530.0 518.2 730.0 507.8
2021-11-17 12407.0 525.0 535.0 535.0 525.0 730.0 507.8
2021-11-18 9848.0 520.0 530.0 535.0 517.0 730.0 507.8
2021-11-21 11567.0 525.0 530.0 530.0 520.0 730.0 507.8
2021-11-22 11595.0 527.0 529.0 530.0 524.0 730.0 507.8
2021-11-23 13563.0 525.0 525.0 527.0 523.1 730.0 507.8
2021-11-24 21727.0 523.4 522.0 528.0 522.0 730.0 507.8
2021-11-25 36086.0 535.1 521.0 535.5 520.0 730.0 507.8
2021-11-28 34180.0 476.2 476.8 485.0 464.6 730.0 464.6
2021-11-29 26953.0 471.1 466.7 476.0 464.0 730.0 464.0
2021-11-30 7677.0 463.0 462.0 472.0 462.0 730.0 462.0
2021-12-01 10757.0 463.1 463.0 470.0 463.0 701.0 462.0
2021-12-02 6102.0 460.5 453.9 469.9 453.9 701.0 453.9
