2021-11-16 100.0 960.0 960.0 960.0 960.0 1000.0 945.0
2021-11-17 50.0 960.0 960.0 960.0 960.0 1000.0 945.0
2021-11-18 25.0 960.0 960.0 960.0 960.0 1000.0 945.0
2021-11-21 100.0 957.7 960.0 960.0 957.7 1000.0 945.0
2021-11-25 25.0 960.0 960.0 960.0 960.0 1000.0 945.0
2021-11-28 50.0 960.0 960.0 960.0 960.0 1000.0 945.0
2021-11-29 150.0 955.6 960.0 960.0 955.6 1000.0 945.0
2021-12-01 25.0 955.2 955.2 955.2 955.2 1000.0 945.0
2021-12-02 25.0 954.5 954.5 954.5 954.5 1000.0 945.0
2021-12-05 125.0 953.6 954.6 954.6 953.6 1000.0 945.0
2021-12-07 75.0 955.2 951.3 955.2 951.3 1000.0 945.0
2021-12-08 25.0 951.1 951.1 951.1 951.1 1000.0 945.0
