2021-11-16 631.0 1350.0 1340.0 1360.0 1315.0 2079.0 891.0
2021-11-17 1578.0 1350.0 1377.0 1384.0 1350.0 2079.0 891.0
2021-11-18 3826.0 1358.0 1335.0 1358.0 1300.0 2079.0 891.0
2021-11-21 1995.0 1315.2 1375.0 1375.0 1315.0 2079.0 897.0
2021-11-22 1933.0 1330.0 1318.0 1335.0 1305.0 2079.0 897.0
2021-11-23 1367.0 1311.0 1309.0 1320.0 1309.0 2079.0 897.0
2021-11-24 2078.0 1319.0 1311.0 1319.0 1297.0 2079.0 910.0
2021-11-25 666.0 1298.3 1345.0 1345.0 1293.0 2079.0 922.0
2021-11-28 1062.0 1274.0 1276.0 1290.0 1265.0 2079.0 987.0
2021-11-29 1100.0 1225.0 1285.0 1285.0 1225.0 2079.0 987.0
2021-11-30 2096.0 1235.0 1239.0 1254.6 1221.0 2079.0 987.0
2021-12-01 552.0 1235.0 1221.0 1239.0 1221.0 2079.0 987.0
2021-12-02 599.0 1221.0 1235.0 1240.0 1216.0 2079.0 987.0
2021-12-05 2755.0 1189.5 1198.0 1198.0 1175.0 2079.0 987.0
2021-12-06 1699.0 1235.0 1170.0 1240.0 1124.8 2079.0 987.0
2021-12-07 334.0 1245.0 1259.7 1259.7 1221.0 2079.0 1000.0
2021-12-08 1622.0 1188.0 1245.0 1245.0 1176.0 2079.0 1002.0
2021-12-09 884.0 1165.0 1170.0 1175.0 1160.0 2079.0 1002.0
