2021-08-02 447818.0 16.25 16.04 16.3 16.04 17.04 8.76 BULLISH BULLISH BULLISH 16.13 16.01 15.88 15.76 16.26 16.38 16.51
2021-08-04 279080.0 15.88 16.4 16.4 15.51 17.04 8.76 BEARISH BULLISH BULLISH 15.93 15.46 15.04 14.57 16.35 16.82 17.24
2021-08-05 70550.0 15.9 15.73 16.02 15.73 17.04 8.76 BEARISH BULLISH BULLISH 15.93 15.46 15.04 14.57 16.35 16.82 17.24
2021-08-09 172998.0 15.7 15.99 15.99 15.65 17.04 8.76 BEARISH BULLISH BULLISH 15.78 15.57 15.44 15.23 15.91 16.12 16.25
2021-08-12 1020554.0 15.74 15.54 15.77 15.5 17.04 8.76 BEARISH BEARISH BULLISH 15.67 15.57 15.4 15.3 15.84 15.94 16.11
2021-08-15 589804.0 15.6 16.05 16.05 15.5 17.04 8.76 BEARISH BEARISH BULLISH 15.72 15.38 15.17 14.83 15.93 16.27 16.48
2021-08-16 461034.0 12.35 12.58 12.59 12.0 17.04 8.76 BEARISH BEARISH BEARISH 12.31 12.04 11.72 11.45 12.63 12.9 13.22
2021-08-17 322340.0 11.95 12.41 12.57 11.95 17.04 8.76 BEARISH BEARISH BEARISH 12.31 12.04 11.72 11.45 12.63 12.9 13.22
2021-08-18 61050.0 12.0 12.18 12.18 11.94 17.04 8.76 BEARISH BEARISH BEARISH 12.04 11.9 11.8 11.66 12.14 12.28 12.38
2021-08-19 59422.0 12.1 11.8 12.46 11.8 17.04 8.76 BEARISH BEARISH BEARISH 12.12 11.78 11.46 11.12 12.44 12.78 13.1
