2021-11-16 26968.0 529.0 526.3 545.0 508.0 720.0 114.0
2021-11-17 29947.0 530.0 539.0 549.0 530.0 720.0 114.0
2021-11-18 16572.0 515.1 530.0 540.0 515.0 720.0 114.0
2021-11-21 47056.0 535.6 504.8 544.0 504.8 720.0 114.0
2021-11-22 10627.0 537.0 545.0 546.3 530.0 720.0 114.0
2021-11-23 18768.0 525.0 535.0 535.0 515.1 720.0 114.0
2021-11-24 26587.0 520.0 520.0 532.0 505.1 720.0 114.0
2021-11-25 117414.0 568.2 530.4 572.0 530.4 720.0 114.0
2021-11-28 87370.0 542.0 556.9 584.0 527.4 720.0 114.0
2021-11-29 29551.0 545.0 534.0 562.0 534.0 720.0 114.0
2021-11-30 53067.0 556.0 555.9 567.0 545.3 720.0 114.0
2021-12-01 104239.0 599.0 564.0 603.0 564.0 720.0 114.0
2021-12-02 73683.0 569.0 600.0 605.0 560.0 720.0 114.0
