2021-11-16 25030.0 11.34 11.12 11.37 11.12 20.0 9.39
2021-11-17 29500.0 11.19 11.5 11.5 11.19 20.0 9.39
2021-11-18 34929.0 11.09 11.39 11.39 11.0 20.0 9.39
2021-11-21 5000.0 11.2 11.31 11.31 11.16 20.0 9.39
2021-11-22 19247.0 11.32 11.21 11.32 11.21 20.0 9.39
2021-11-23 5210.0 11.18 11.4 11.4 11.18 20.0 9.39
2021-11-24 41534.0 11.2 11.15 11.2 11.15 20.0 9.39
2021-11-25 27910.0 11.16 11.4 11.4 11.15 20.0 9.39
2021-11-28 78650.0 10.97 11.0 11.16 10.95 20.0 9.39
2021-11-29 24550.0 10.94 10.98 11.1 10.8 20.0 9.39
2021-11-30 43278.0 10.8 10.87 11.0 10.8 20.0 9.39
2021-12-01 100.0 10.9 10.9 10.9 10.9 20.0 9.39
2021-12-02 52800.0 10.88 11.0 11.0 10.88 20.0 9.39
2021-12-05 149722.0 10.79 10.81 10.88 10.62 20.0 9.39
2021-12-06 13100.0 10.6 10.79 10.79 10.6 20.0 9.39
2021-12-07 2600.0 10.84 10.81 10.84 10.81 20.0 9.39
2021-12-08 16300.0 10.95 11.02 11.02 10.85 20.0 9.69
2021-12-09 2800.0 10.8 10.78 10.8 10.78 20.0 9.76
