2021-08-03 10278.0 785.0 753.0 785.5 753.0 900.0 311.0
2021-08-04 12634.0 776.0 785.0 785.0 770.0 900.0 311.0
2021-08-05 8166.0 773.0 767.0 775.0 766.0 900.0 311.0
2021-08-09 17924.0 750.0 750.0 758.1 737.0 900.0 311.0
2021-08-12 15014.0 760.0 755.0 770.0 755.0 900.0 311.0
2021-08-15 12075.0 756.0 760.0 766.0 737.1 900.0 311.0
2021-08-16 13684.0 743.0 760.0 760.0 740.0 900.0 311.0
2021-08-17 9881.0 733.1 740.0 742.0 730.0 900.0 311.0
2021-08-18 16423.0 737.0 730.0 749.7 720.0 900.0 311.0
2021-08-19 54932.0 772.0 730.0 800.0 730.0 900.0 311.0
2021-08-24 26525.0 774.0 786.0 808.0 774.0 900.0 311.0
2021-08-25 11718.0 748.0 760.0 790.0 748.0 900.0 311.0
2021-08-26 8833.0 744.0 740.0 750.0 736.0 900.0 311.0
2021-08-29 11599.0 735.0 744.0 757.0 730.0 900.0 311.0
2021-08-31 9227.0 720.0 725.0 731.0 719.3 900.0 311.0
2021-09-01 5312.0 726.0 730.0 734.0 716.0 900.0 311.0
2021-09-02 7422.0 708.0 740.5 740.5 705.0 900.0 311.0
2021-09-05 17513.0 681.0 722.0 778.8 664.0 900.0 311.0
2021-09-07 2917.0 706.0 734.4 734.4 702.0 900.0 311.0
2021-09-08 3834.0 698.0 720.0 720.0 690.0 900.0 311.0
2021-09-09 5948.0 695.1 700.0 720.0 695.0 900.0 311.0
2021-09-12 10084.0 707.0 709.0 720.0 682.0 900.0 311.0
2021-09-13 11252.0 727.5 719.0 732.0 715.0 900.0 311.0
2021-09-14 8113.0 707.0 730.0 739.9 707.0 900.0 311.0
2021-09-15 6427.0 695.0 721.0 734.0 693.0 900.0 311.0
2021-09-16 9038.0 675.0 681.1 703.0 674.0 900.0 311.0
