2021-11-16 18025.0 450.0 421.0 450.0 420.0 650.0 300.0
2021-11-17 34230.0 465.0 456.0 483.7 456.0 650.0 300.0
2021-11-18 28254.0 465.0 465.0 495.0 450.0 650.0 300.0
2021-11-21 8596.0 461.0 455.7 470.0 448.0 650.0 300.0
2021-11-22 6355.0 460.0 465.0 465.0 451.9 650.0 300.0
2021-11-23 9927.0 438.0 451.0 459.0 436.0 650.0 300.0
2021-11-24 7549.0 440.0 430.0 450.0 417.0 650.0 300.0
2021-11-25 14327.0 444.0 440.0 457.0 435.0 650.0 300.0
2021-11-28 10572.0 422.0 436.0 440.0 420.0 650.0 300.0
2021-11-29 7529.0 425.0 420.0 432.0 416.0 650.0 300.0
2021-11-30 4382.0 425.0 422.0 430.0 415.0 650.0 300.0
2021-12-01 5988.0 424.9 433.5 438.0 418.0 650.0 300.0
2021-12-02 11833.0 412.0 418.0 424.0 409.7 650.0 300.0
