2021-08-02 56770.0 464.0 480.0 480.0 463.5 510.0 224.0 BEARISH BULLISH BULLISH 465.33 460.67 455.33 450.67 470.67 475.33 480.67
2021-08-04 87998.0 470.0 471.0 473.7 462.0 510.0 224.0 BULLISH BULLISH BULLISH 468.57 463.43 456.87 451.73 475.13 480.27 486.83
2021-08-05 332891.0 484.0 475.5 498.0 469.0 510.0 224.0 BULLISH BULLISH BULLISH 468.57 463.43 456.87 451.73 475.13 480.27 486.83
2021-08-09 107158.0 480.5 488.0 495.0 479.0 510.0 224.0 BULLISH BULLISH BULLISH 484.83 474.67 468.83 458.67 490.67 500.83 506.67
2021-08-12 860045.0 578.6 536.5 578.6 530.0 578.6 224.0 BULLISH BULLISH BULLISH 562.4 546.2 513.8 497.6 594.8 611.0 643.4
2021-08-15 604091.0 559.0 567.1 585.1 538.1 585.1 224.0 BULLISH BULLISH BULLISH 560.73 536.37 513.73 489.37 583.37 607.73 630.37
2021-08-16 270844.0 562.0 555.0 576.0 539.0 585.1 224.0 BULLISH BULLISH BULLISH 559.0 542.0 522.0 505.0 579.0 596.0 616.0
2021-08-17 398918.0 605.0 562.0 616.8 560.0 616.8 224.0 BULLISH BULLISH BULLISH 559.0 542.0 522.0 505.0 579.0 596.0 616.0
2021-08-18 537931.0 625.0 617.1 655.0 603.0 655.0 224.0 BULLISH BULLISH BULLISH 627.67 600.33 575.67 548.33 652.33 679.67 704.33
2021-08-19 378656.0 608.0 637.5 650.2 603.0 655.0 224.0 BULLISH BULLISH BULLISH 620.4 590.6 573.2 543.4 637.8 667.6 685.0
