2021-11-16 13782.0 1345.0 1311.0 1360.0 1300.0 1910.0 832.0
2021-11-17 19936.0 1345.1 1355.0 1380.0 1345.1 1910.0 832.0
2021-11-18 15031.0 1323.0 1349.0 1355.0 1318.0 1910.0 832.0
2021-11-21 27269.0 1374.0 1301.0 1400.0 1298.0 1910.0 890.0
2021-11-22 12952.0 1354.0 1375.0 1380.0 1350.0 1910.0 890.0
2021-11-23 11254.0 1319.0 1355.0 1355.0 1311.0 1910.0 890.0
2021-11-24 13916.0 1337.0 1300.1 1344.3 1292.0 1910.0 915.0
2021-11-25 7120.0 1320.0 1344.9 1344.9 1315.0 1910.0 990.0
2021-11-28 22784.0 1263.0 1312.0 1340.0 1250.0 1910.0 1049.0
2021-11-29 11482.0 1260.0 1288.0 1300.0 1241.0 1910.0 1049.0
2021-11-30 15340.0 1255.0 1242.0 1300.0 1241.0 1910.0 1049.0
2021-12-01 7844.0 1280.0 1270.0 1295.0 1263.0 1910.0 1091.0
2021-12-02 13804.0 1245.0 1271.0 1275.0 1235.0 1910.0 1134.0
