2021-11-16 68154.0 239.9 232.0 245.0 230.0 321.0 182.0
2021-11-17 63284.0 240.0 243.0 244.0 236.0 321.0 182.0
2021-11-18 35804.0 240.0 236.0 243.5 236.0 321.0 182.0
2021-11-21 14806.0 234.4 242.7 243.0 234.1 321.0 182.0
2021-11-22 22672.0 237.0 238.0 242.9 235.0 321.0 182.0
2021-11-23 16288.0 230.1 233.5 238.0 230.0 321.0 182.0
2021-11-24 16450.0 230.0 228.0 232.0 226.1 321.0 182.0
2021-11-25 32391.0 237.0 233.0 243.2 227.0 321.0 182.0
2021-11-28 43285.0 227.0 233.0 233.0 225.1 321.0 182.0
2021-11-29 19398.0 225.0 227.0 232.0 224.5 321.0 182.0
2021-11-30 11492.0 225.0 224.6 228.0 222.3 321.0 182.0
2021-12-01 15905.0 224.5 226.0 230.5 223.0 321.0 182.0
2021-12-02 40918.0 217.1 225.0 225.0 217.0 321.0 182.0
2021-12-05 26733.0 211.0 215.0 217.0 210.8 321.0 182.0
2021-12-06 33417.0 214.0 208.0 217.0 202.0 321.0 182.0
2021-12-07 15454.0 211.0 218.0 221.9 211.0 321.0 182.0
2021-12-08 27472.0 205.0 214.9 215.2 203.0 321.0 182.0
2021-12-09 28665.0 206.0 208.7 209.0 201.0 321.0 182.0
