2021-11-16 160596.0 455.0 423.0 459.0 423.0 675.0 282.0
2021-11-17 198680.0 470.0 464.0 484.0 464.0 675.0 282.0
2021-11-18 97892.0 457.0 471.0 474.3 455.0 675.0 282.0
2021-11-21 83429.0 457.0 447.9 480.0 447.9 675.0 282.0
2021-11-22 66097.0 456.0 466.1 466.1 451.0 675.0 282.0
2021-11-23 87862.0 440.0 456.0 456.0 437.0 675.0 282.0
2021-11-24 68730.0 446.0 435.0 455.0 428.0 675.0 282.0
2021-11-25 63626.0 438.0 439.0 453.0 430.0 675.0 282.0
2021-11-28 131556.0 416.7 429.3 438.0 411.2 675.0 282.0
2021-11-29 65073.0 417.0 416.7 438.0 412.0 675.0 282.0
2021-11-30 69650.0 419.0 420.0 429.0 414.1 675.0 282.0
2021-12-01 47555.0 425.0 427.0 434.0 421.0 675.0 282.0
2021-12-02 50496.0 415.0 426.0 426.0 414.0 675.0 282.0
