2021-08-03 4765.0 1505.2 1515.0 1515.0 1490.0 1890.0 693.0 BEARISH BULLISH BULLISH 1503.4 1491.8 1478.4 1466.8 1516.8 1528.4 1541.8
2021-08-04 4902.0 1482.0 1500.0 1503.0 1482.0 1890.0 693.0 BEARISH BULLISH BULLISH 1489.0 1475.0 1468.0 1454.0 1496.0 1510.0 1517.0
2021-08-05 4421.0 1470.0 1511.0 1511.0 1470.0 1890.0 693.0 BEARISH BULLISH BULLISH 1489.0 1475.0 1468.0 1454.0 1496.0 1510.0 1517.0
2021-08-09 6627.0 1460.0 1450.0 1478.0 1430.0 1890.0 705.0 BEARISH BULLISH BULLISH 1456.0 1434.0 1408.0 1386.0 1482.0 1504.0 1530.0
2021-08-12 13810.0 1439.0 1471.0 1471.9 1432.0 1890.0 727.0 BEARISH BEARISH BULLISH 1447.63 1423.37 1407.73 1383.47 1463.27 1487.53 1503.17
2021-08-15 15184.0 1467.0 1467.0 1491.0 1425.0 1890.0 735.0 BULLISH BULLISH BULLISH 1461.0 1431.0 1395.0 1365.0 1497.0 1527.0 1563.0
2021-08-16 8301.0 1477.0 1485.0 1500.0 1470.0 1890.0 735.0 BULLISH BULLISH BULLISH 1482.33 1464.67 1452.33 1434.67 1494.67 1512.33 1524.67
2021-08-17 4802.0 1452.8 1462.1 1467.0 1451.1 1890.0 743.0 BEARISH BEARISH BULLISH 1482.33 1464.67 1452.33 1434.67 1494.67 1512.33 1524.67
2021-08-18 10181.0 1440.1 1442.0 1468.0 1426.1 1890.0 750.0 BEARISH BEARISH BEARISH 1444.73 1421.47 1402.83 1379.57 1463.37 1486.63 1505.27
2021-08-19 25132.0 1492.0 1450.0 1555.0 1450.0 1890.0 750.0 BULLISH BULLISH BULLISH 1499.0 1443.0 1394.0 1338.0 1548.0 1604.0 1653.0
