2021-11-16 9486.0 1735.0 1750.0 1756.9 1715.0 3021.0 1475.0
2021-11-17 6401.0 1759.0 1750.0 1784.0 1750.0 3021.0 1475.0
2021-11-18 8037.0 1736.0 1730.1 1764.0 1730.1 3021.0 1475.0
2021-11-21 7387.0 1736.2 1760.0 1760.0 1730.0 3021.0 1500.0
2021-11-22 6531.0 1740.0 1760.0 1760.0 1740.0 3021.0 1500.0
2021-11-23 7719.0 1722.0 1730.0 1740.0 1713.0 3021.0 1500.0
2021-11-24 16964.0 1709.9 1735.0 1735.0 1690.0 3021.0 1524.0
2021-11-25 10788.0 1717.0 1711.5 1725.0 1670.0 3021.0 1572.0
2021-11-28 19694.0 1650.0 1701.0 1710.0 1644.0 3021.0 1572.0
2021-11-29 14160.0 1644.0 1630.0 1683.0 1619.0 3021.0 1572.0
2021-11-30 3876.0 1650.0 1650.0 1665.0 1634.0 3021.0 1572.0
2021-12-01 12627.0 1675.0 1660.0 1683.0 1646.0 3021.0 1572.0
2021-12-02 7973.0 1652.0 1675.0 1706.0 1651.0 3021.0 1572.0
2021-12-05 15166.0 1635.0 1643.0 1643.0 1620.0 3021.0 1572.0
2021-12-06 11674.0 1636.0 1616.0 1650.0 1579.0 3021.0 1572.0
2021-12-07 8529.0 1619.0 1636.0 1660.0 1590.0 3021.0 1572.0
2021-12-08 13203.0 1585.0 1587.0 1618.7 1579.9 3021.0 1572.0
2021-12-09 9241.0 1586.0 1608.0 1608.0 1561.0 3021.0 1561.0
