2021-11-16 99219.0 571.0 530.0 572.0 519.0 741.0 174.0
2021-11-17 92611.0 585.0 572.0 593.0 569.0 741.0 174.0
2021-11-18 98096.0 582.0 573.4 585.0 565.0 741.0 174.0
2021-11-21 31522.0 575.0 582.0 591.0 572.0 741.0 174.0
2021-11-22 13872.0 565.0 570.0 583.0 564.1 741.0 174.0
2021-11-23 40318.0 542.0 561.59 565.0 540.0 741.0 174.0
2021-11-24 24274.0 555.0 535.0 572.0 530.0 741.0 174.0
2021-11-25 14771.0 555.0 564.9 565.0 545.0 741.0 174.0
2021-11-28 51445.0 524.9 543.9 553.0 518.0 741.0 174.0
2021-11-29 25905.0 525.0 524.9 552.0 515.0 741.0 174.0
2021-11-30 21442.0 528.0 525.0 535.5 517.0 741.0 174.0
2021-12-01 27314.0 521.0 535.0 535.0 515.0 741.0 174.0
2021-12-02 47837.0 492.0 525.0 528.0 488.0 741.0 174.0
