2021-11-16 45350.0 10.8 10.6 10.91 10.6 16.87 10.0
2021-11-17 35000.0 10.8 10.8 10.98 10.8 16.87 10.0
2021-11-18 14800.0 10.76 10.7 10.96 10.7 16.87 10.0
2021-11-22 20100.0 10.85 10.58 10.85 10.57 16.87 10.0
2021-11-23 14200.0 10.7 10.99 10.99 10.7 16.87 10.0
2021-11-24 16544.0 10.75 10.55 10.75 10.55 16.87 10.0
2021-11-25 17800.0 10.76 10.58 10.99 10.58 16.87 10.0
2021-11-28 60900.0 10.6 10.76 10.76 10.6 16.87 10.0
2021-11-29 20100.0 10.6 10.79 10.79 10.59 16.87 10.0
2021-11-30 4000.0 10.8 10.8 10.8 10.79 16.87 10.0
2021-12-01 54800.0 10.7 10.8 11.0 10.7 16.87 10.0
2021-12-02 25700.0 10.78 10.91 10.91 10.67 16.87 10.0
