2021-11-16 6465.0 963.0 949.0 964.0 939.9 1376.0 750.0
2021-11-17 8775.0 958.0 982.0 982.0 956.0 1376.0 750.0
2021-11-18 14469.0 947.0 958.0 958.0 928.1 1376.0 750.0
2021-11-21 6721.0 935.0 928.1 947.0 920.0 1376.0 750.0
2021-11-22 5436.0 936.0 935.0 950.2 933.0 1376.0 750.0
2021-11-23 3720.0 929.0 936.0 936.0 900.0 1376.0 750.0
2021-11-24 4283.0 915.0 911.0 917.0 897.0 1376.0 750.0
2021-11-25 3642.0 900.0 915.3 915.3 897.0 1376.0 750.0
2021-11-28 11094.0 860.0 882.0 898.0 854.0 1376.0 750.0
2021-11-29 19062.0 830.0 860.0 890.0 825.0 1376.0 750.0
2021-11-30 4828.0 850.0 846.0 860.0 831.0 1376.0 750.0
2021-12-01 8374.0 863.0 853.0 865.0 840.0 1376.0 750.0
2021-12-02 4313.0 835.0 850.2 850.2 830.0 1376.0 750.0
