2021-11-16 11559.0 463.0 458.0 464.0 450.0 618.0 145.0
2021-11-17 23863.0 449.0 466.0 466.1 445.0 618.0 145.0
2021-11-18 22706.0 438.9 441.0 457.0 435.0 618.0 145.0
2021-11-21 16903.0 435.1 447.0 447.6 433.0 618.0 145.0
2021-11-22 15163.0 437.9 439.0 446.9 428.1 618.0 145.0
2021-11-23 11730.0 429.0 430.1 434.0 424.0 618.0 145.0
2021-11-24 12416.0 439.9 420.8 451.0 415.1 618.0 145.0
2021-11-25 13872.0 432.9 448.6 448.6 424.0 618.0 145.0
2021-11-28 15338.0 415.0 425.0 430.0 413.0 618.0 145.0
2021-11-29 9247.0 412.0 410.0 429.4 407.0 618.0 145.0
2021-11-30 13163.0 414.0 420.2 420.2 407.0 618.0 145.0
2021-12-01 7847.0 411.5 412.0 417.8 410.0 618.0 145.0
2021-12-02 19842.0 396.0 412.0 418.0 386.2 618.0 145.0
