2021-11-16 39060.0 402.0 378.0 406.0 378.0 550.0 195.0
2021-11-17 40865.0 396.9 410.0 412.0 396.9 550.0 195.0
2021-11-18 15523.0 390.0 404.0 404.0 386.5 550.0 195.0
2021-11-21 17254.0 383.0 384.0 397.0 382.1 550.0 195.0
2021-11-22 17298.0 388.0 390.6 391.0 382.0 550.0 195.0
2021-11-23 13908.0 382.0 381.1 388.0 379.0 550.0 195.0
2021-11-24 15183.0 380.0 389.6 389.6 367.5 550.0 195.0
2021-11-25 13542.0 377.0 387.0 394.0 375.0 550.0 199.0
2021-11-28 28194.0 371.0 370.0 384.0 365.0 550.0 201.0
2021-11-29 17778.0 369.0 371.0 378.4 368.0 550.0 201.0
2021-11-30 14504.0 366.0 363.1 377.0 363.1 550.0 204.0
2021-12-01 15674.0 369.0 373.3 380.7 359.1 550.0 222.0
2021-12-02 17763.0 361.0 376.2 376.3 358.0 550.0 226.0
