2021-11-16 13570.0 1775.0 1730.0 1775.0 1720.0 2184.0 1421.0
2021-11-17 5282.0 1750.0 1775.0 1794.0 1745.0 2184.0 1421.0
2021-11-18 11250.0 1773.0 1742.0 1785.0 1740.0 2184.0 1421.0
2021-11-21 4100.0 1770.0 1745.1 1780.0 1743.0 2184.0 1421.0
2021-11-22 10201.0 1735.0 1760.0 1765.0 1730.0 2184.0 1421.0
2021-11-23 18444.0 1760.0 1750.0 1770.0 1731.0 2184.0 1421.0
2021-11-24 23760.0 1830.0 1733.0 1830.0 1733.0 2184.0 1421.0
2021-11-25 57996.0 1737.0 1840.0 1840.0 1683.0 2184.0 1421.0
2021-11-28 12681.0 1655.0 1720.0 1720.0 1654.0 2184.0 1421.0
2021-11-29 14057.0 1626.0 1660.0 1680.0 1622.0 2184.0 1421.0
2021-11-30 10547.0 1625.0 1630.0 1630.0 1600.0 2184.0 1421.0
2021-12-01 10682.0 1626.0 1650.0 1650.0 1610.0 2184.0 1421.0
2021-12-02 15719.0 1583.0 1604.0 1615.0 1575.0 2184.0 1421.0
2021-12-05 9358.0 1547.0 1557.0 1601.0 1539.0 2184.0 1421.0
2021-12-06 17664.0 1574.0 1525.1 1574.0 1498.0 2184.0 1421.0
2021-12-07 10328.0 1510.0 1575.0 1575.0 1510.0 2184.0 1421.0
2021-12-08 10295.0 1476.0 1500.0 1520.0 1476.0 2184.0 1421.0
2021-12-09 8814.0 1485.0 1480.0 1494.0 1455.0 2184.0 1421.0
