2021-11-16 4263.0 1205.0 1199.0 1220.0 1180.0 1685.0 879.0
2021-11-17 5570.0 1196.0 1206.0 1229.0 1180.0 1685.0 879.0
2021-11-18 8251.0 1168.0 1219.0 1219.0 1157.0 1685.0 879.0
2021-11-21 5515.0 1166.0 1180.0 1191.0 1166.0 1685.0 883.0
2021-11-22 3190.0 1170.0 1185.0 1188.0 1163.0 1685.0 883.0
2021-11-23 3910.0 1170.0 1170.0 1180.0 1160.0 1685.0 883.0
2021-11-24 3133.0 1170.0 1170.0 1180.0 1150.0 1685.0 884.0
2021-11-25 2417.0 1152.2 1170.0 1180.0 1150.0 1685.0 905.0
2021-11-28 4867.0 1120.0 1131.0 1150.0 1108.0 1685.0 915.0
2021-11-29 5192.0 1091.0 1115.0 1142.0 1085.0 1685.0 915.0
2021-11-30 3167.0 1079.0 1111.0 1111.0 1072.2 1685.0 915.0
2021-12-01 2339.0 1098.0 1100.0 1100.0 1085.0 1685.0 915.0
2021-12-02 3248.0 1070.0 1100.0 1100.0 1063.0 1685.0 915.0
2021-12-05 4937.0 1037.0 1066.0 1075.0 1009.4 1685.0 915.0
2021-12-06 4428.0 1040.0 1017.0 1050.0 996.7 1685.0 915.0
2021-12-07 2757.0 1029.0 1050.0 1070.0 1029.0 1685.0 915.0
2021-12-08 5778.0 999.0 1028.0 1040.0 985.0 1685.0 915.0
2021-12-09 3005.0 984.0 1018.5 1018.5 979.2 1685.0 915.0
