2021-11-16 932.0 1489.0 1500.0 1506.0 1436.0 1785.0 777.0
2021-11-17 1067.0 1450.0 1495.0 1500.0 1435.0 1785.0 777.0
2021-11-18 641.0 1425.0 1450.0 1450.0 1421.0 1785.0 777.0
2021-11-21 1231.0 1388.0 1400.0 1405.0 1388.0 1785.0 783.0
2021-11-22 843.0 1375.0 1370.0 1433.0 1370.0 1785.0 783.0
2021-11-23 656.0 1402.0 1374.0 1402.0 1352.0 1785.0 783.0
2021-11-24 266.0 1390.0 1395.0 1395.0 1367.4 1785.0 783.0
2021-11-25 655.0 1364.0 1370.0 1388.0 1364.0 1785.0 785.0
2021-11-28 903.0 1300.0 1364.0 1364.0 1300.0 1785.0 788.0
2021-11-29 445.0 1345.0 1300.0 1378.0 1300.0 1785.0 788.0
2021-11-30 334.0 1340.0 1328.0 1342.0 1324.0 1785.0 788.0
2021-12-01 520.0 1345.0 1313.2 1394.0 1313.2 1785.0 788.0
2021-12-02 316.0 1310.0 1320.1 1339.0 1301.0 1785.0 788.0
