2021-08-04 5325.0 1880.0 1980.0 1987.8 1871.0 2355.0 882.0
2021-08-05 2887.0 1860.0 1860.0 1868.0 1825.0 2355.0 882.0
2021-08-09 1768.0 1770.0 1805.0 1805.0 1764.0 2355.0 882.0
2021-08-12 2040.0 1810.0 1805.0 1830.0 1775.0 2355.0 882.0
2021-08-15 6200.0 1874.4 1833.0 1874.4 1800.0 2355.0 882.0
2021-08-16 3351.0 1875.0 1850.0 1900.0 1843.0 2355.0 882.0
2021-08-17 2131.0 1860.0 1875.0 1875.0 1830.0 2355.0 882.0
2021-08-18 1441.0 1840.0 1823.0 1840.0 1811.0 2355.0 889.0
2021-08-19 1823.0 1846.2 1875.0 1875.0 1810.0 2355.0 889.0
2021-08-24 411.0 1837.0 1825.0 1837.0 1825.0 2355.0 900.0
2021-08-25 1362.0 1806.0 1821.0 1821.0 1800.6 2355.0 906.0
2021-08-26 1215.0 1800.0 1805.0 1806.3 1771.0 2355.0 906.0
2021-08-29 1144.0 1768.1 1765.0 1800.0 1765.0 2355.0 906.0
2021-08-31 681.0 1713.0 1752.0 1752.0 1700.0 2355.0 906.0
2021-08-31 681.0 1713.0 1752.0 1752.0 1700.0 2355.0 906.0
2021-08-31 681.0 1713.0 1752.0 1752.0 1700.0 2355.0 906.0
