2021-08-03 41212.0 10.45 10.44 10.65 10.36 11.4 9.52 BEARISH BULLISH - 10.49 10.32 10.2 10.03 10.61 10.78 10.9
2021-08-04 41345.0 10.45 10.26 10.6 10.26 11.4 9.52 BEARISH BULLISH - 10.44 10.27 10.1 9.93 10.61 10.78 10.95
2021-08-05 58931.0 10.75 10.25 10.85 10.25 11.4 9.52 BULLISH BULLISH - 10.44 10.27 10.1 9.93 10.61 10.78 10.95
2021-08-09 13800.0 10.5 10.4 10.57 10.39 11.4 9.52 BEARISH BEARISH - 10.49 10.4 10.31 10.22 10.58 10.67 10.76
2021-08-12 31400.0 10.4 10.25 10.4 10.25 11.4 9.52 BEARISH BEARISH - 10.35 10.3 10.2 10.15 10.45 10.5 10.6
2021-08-15 22300.0 10.36 10.3 10.81 10.25 11.4 9.52 BEARISH BEARISH - 10.47 10.14 9.91 9.58 10.7 11.03 11.26
2021-08-16 26850.0 10.37 10.2 10.5 10.2 11.4 9.52 BEARISH BEARISH - 10.36 10.21 10.06 9.91 10.51 10.66 10.81
2021-08-17 22240.0 10.46 10.34 10.46 10.18 11.4 9.52 BULLISH BEARISH - 10.36 10.21 10.06 9.91 10.51 10.66 10.81
2021-08-18 45760.0 10.34 10.27 10.63 10.1 11.4 9.52 BEARISH BEARISH - 10.36 10.08 9.83 9.55 10.61 10.89 11.14
2021-08-19 71450.0 10.23 10.16 10.36 10.16 11.4 9.52 BEARISH BEARISH - 10.25 10.14 10.05 9.94 10.34 10.45 10.54
2021-08-24 31100.0 10.2 10.05 10.35 10.05 11.4 9.52 BEARISH BEARISH - 10.2 10.05 9.9 9.75 10.35 10.5 10.65
