2021-11-16 25677.0 555.0 538.5 560.0 522.1 787.8 309.0
2021-11-17 18903.0 546.1 545.0 565.0 545.0 787.8 309.0
2021-11-18 15448.0 543.0 545.0 555.0 534.9 787.8 309.0
2021-11-21 12375.0 528.1 535.0 538.0 527.0 787.8 309.0
2021-11-22 13136.0 529.0 521.0 535.0 520.0 787.8 309.0
2021-11-23 11153.0 520.0 521.0 529.0 518.2 787.8 309.0
2021-11-24 15039.0 520.0 511.0 523.0 506.2 787.8 309.0
2021-11-25 9434.0 519.0 510.0 520.0 510.0 787.8 309.0
2021-11-28 16345.0 507.0 508.7 520.0 495.0 787.8 309.0
2021-11-29 12780.0 500.0 497.0 510.0 497.0 787.8 309.0
2021-11-30 8776.0 500.1 490.2 505.0 490.2 787.8 309.0
2021-12-01 6502.0 503.0 500.1 510.0 498.0 787.8 309.0
2021-12-02 7894.0 495.1 510.0 510.0 495.0 787.8 309.0
