2021-11-16 15506.0 844.0 803.5 845.0 802.1 1091.0 642.0
2021-11-17 13234.0 838.0 860.0 872.9 837.5 1091.0 642.0
2021-11-18 12039.0 822.5 837.0 837.0 822.0 1091.0 642.0
2021-11-21 7620.0 826.0 837.0 837.0 822.0 1091.0 642.0
2021-11-22 25744.0 814.0 823.0 835.0 798.8 1091.0 642.0
2021-11-23 14713.0 795.3 815.0 824.0 793.0 1091.0 642.0
2021-11-24 17673.0 790.0 790.0 803.0 783.1 1091.0 651.0
2021-11-25 20352.0 797.0 805.8 805.8 791.0 1091.0 651.0
2021-11-28 20974.0 772.0 790.0 794.0 765.0 1091.0 651.0
2021-11-29 18049.0 760.0 770.0 787.3 743.9 1091.0 651.0
2021-11-30 8639.0 751.0 760.0 760.0 745.5 1091.0 661.0
2021-12-01 18053.0 769.0 756.0 771.0 754.0 1091.0 666.0
2021-12-02 11407.0 741.0 760.1 764.8 740.1 1091.0 666.0
