2021-11-16 2486.0 1528.0 1500.0 1560.0 1489.6 2048.0 561.0
2021-11-17 728.0 1548.9 1557.0 1557.0 1500.0 2048.0 561.0
2021-11-18 1660.0 1505.0 1525.0 1525.0 1496.0 2048.0 561.0
2021-11-21 590.0 1465.0 1482.0 1490.0 1451.0 2048.0 561.0
2021-11-22 369.0 1456.0 1455.0 1494.0 1455.0 2048.0 561.0
2021-11-23 658.0 1449.0 1456.0 1456.0 1427.0 2048.0 561.0
2021-11-24 531.0 1479.0 1426.0 1479.0 1400.0 2048.0 561.0
2021-11-25 695.0 1441.1 1508.0 1510.0 1440.0 2048.0 561.0
2021-11-28 3576.0 1410.0 1441.1 1494.9 1410.0 2048.0 561.0
2021-11-29 1096.0 1411.0 1437.0 1465.0 1410.1 2048.0 561.0
2021-11-30 1608.0 1439.0 1439.2 1450.0 1395.2 2048.0 561.0
2021-12-01 1085.0 1415.1 1445.0 1445.0 1411.4 2048.0 561.0
2021-12-02 1246.0 1389.1 1443.0 1443.0 1387.0 2048.0 561.0
2021-12-05 2016.0 1383.0 1390.0 1410.0 1382.0 2048.0 561.0
2021-12-06 1939.0 1385.0 1360.0 1386.0 1356.0 2048.0 561.0
2021-12-07 977.0 1386.0 1412.0 1440.0 1384.0 2048.0 561.0
2021-12-08 734.0 1350.0 1386.0 1390.0 1350.0 2048.0 561.0
2021-12-09 3490.0 1351.0 1377.0 1377.0 1340.0 2048.0 561.0
