2021-11-16 490.0 2375.0 2389.0 2389.0 2350.0 2900.0 861.0
2021-11-17 1154.0 2370.0 2400.0 2401.0 2365.0 2900.0 861.0
2021-11-18 1507.0 2400.0 2326.0 2415.0 2326.0 2900.0 861.0
2021-11-21 371.0 2360.0 2360.0 2432.0 2355.0 2900.0 861.0
2021-11-22 1312.0 2370.0 2361.1 2408.0 2361.1 2900.0 861.0
2021-11-23 512.0 2325.0 2340.0 2340.0 2325.0 2900.0 861.0
2021-11-24 251.0 2335.0 2287.0 2345.0 2287.0 2900.0 861.0
2021-11-25 442.0 2316.0 2324.0 2350.0 2316.0 2900.0 865.0
2021-11-28 1776.0 2222.0 2270.0 2290.1 2222.0 2900.0 895.0
2021-11-29 800.0 2190.0 2200.0 2250.0 2190.0 2900.0 895.0
2021-11-30 473.0 2189.0 2150.1 2189.0 2103.3 2900.0 940.0
2021-12-01 1169.0 2165.0 2150.0 2190.0 2145.3 2900.0 940.0
2021-12-02 1219.0 2170.0 2207.0 2252.1 2160.0 2900.0 940.0
2021-12-05 2001.0 2104.0 2213.4 2213.4 2085.0 2900.0 940.0
2021-12-06 1216.0 2190.0 2146.0 2190.0 2105.0 2900.0 940.0
2021-12-07 1875.0 2155.2 2233.0 2299.0 2155.2 2900.0 940.0
2021-12-08 517.0 2125.0 2194.0 2195.0 2120.0 2900.0 940.0
2021-12-09 558.0 2198.0 2160.0 2198.0 2100.0 2900.0 950.0
