2021-11-16 299.0 2663.0 2686.0 2695.0 2661.0 3110.0 990.0
2021-11-17 529.0 2697.0 2663.0 2700.0 2655.0 3110.0 990.0
2021-11-18 160.0 2679.9 2647.0 2679.9 2647.0 3110.0 990.0
2021-11-21 397.0 2651.0 2650.0 2670.0 2650.0 3110.0 1011.0
2021-11-22 499.0 2679.0 2660.0 2695.0 2651.0 3110.0 1011.0
2021-11-23 530.0 2666.0 2632.0 2670.0 2565.0 3110.0 1012.0
2021-11-24 445.0 2614.0 2615.0 2651.0 2613.0 3110.0 1012.0
2021-11-25 593.0 2600.0 2580.0 2600.0 2580.0 3110.0 1058.0
2021-11-28 1125.0 2510.0 2548.1 2598.0 2500.0 3110.0 1065.0
2021-11-29 1248.0 2600.0 2520.0 2716.6 2508.0 3110.0 1065.0
2021-11-30 370.0 2554.0 2629.0 2629.0 2554.0 3110.0 1066.0
2021-12-01 771.0 2610.0 2605.0 2655.0 2605.0 3110.0 1066.0
2021-12-02 1454.0 2555.0 2561.0 2660.0 2555.0 3110.0 1080.0
