2021-11-16 1260.0 1455.0 1470.0 1470.0 1423.0 1938.0 870.0
2021-11-17 570.0 1455.1 1482.0 1484.0 1455.1 1938.0 870.0
2021-11-18 1146.0 1432.0 1445.0 1450.0 1427.0 1938.0 870.0
2021-11-21 1075.0 1417.0 1432.0 1432.5 1416.0 1938.0 870.0
2021-11-22 431.0 1415.0 1400.0 1415.0 1400.0 1938.0 870.0
2021-11-23 777.0 1441.2 1443.3 1443.3 1400.0 1938.0 870.0
2021-11-24 1312.0 1413.0 1414.4 1414.7 1371.0 1938.0 870.0
2021-11-25 815.0 1387.0 1440.0 1440.0 1387.0 1938.0 870.0
2021-11-28 694.0 1360.0 1385.0 1385.0 1360.0 1938.0 870.0
2021-11-29 565.0 1345.0 1386.0 1386.0 1345.0 1938.0 870.0
2021-11-30 6514.0 1420.0 1371.9 1470.0 1371.9 1938.0 870.0
2021-12-01 992.0 1415.0 1444.0 1444.0 1407.0 1938.0 870.0
2021-12-02 963.0 1391.0 1405.2 1424.0 1391.0 1938.0 870.0
