2021-08-02 4621.0 1892.0 1915.0 1916.0 1850.0 1960.0 865.0
2021-08-04 9154.0 1894.0 1965.0 1966.0 1870.2 1966.0 865.0
2021-08-05 3670.0 1869.0 1857.0 1930.0 1850.0 1966.0 865.0
2021-08-09 2955.0 1771.2 1797.1 1940.0 1730.0 1966.0 865.0
2021-08-12 2109.0 1776.0 1839.0 1845.0 1776.0 1966.0 865.0
2021-08-15 9804.0 1850.0 1790.0 1898.0 1790.0 1966.0 865.0
2021-08-16 3579.0 1834.0 1814.0 1887.0 1781.0 1966.0 865.0
2021-08-17 1270.0 1795.0 1806.0 1830.0 1793.4 1966.0 865.0
0 0.0 0.0 0.0 0.0 0.0 0.0 0.0 0 0 0 0.0 0.0 0.0 0.0 0.0 0.0 0.0
0 0.0 0.0 0.0 0.0 0.0 0.0 0.0 0 0 0 0.0 0.0 0.0 0.0 0.0 0.0 0.0
0 0.0 0.0 0.0 0.0 0.0 0.0 0.0 0 0 0 0.0 0.0 0.0 0.0 0.0 0.0 0.0
0 0.0 0.0 0.0 0.0 0.0 0.0 0.0 0 0 0 0.0 0.0 0.0 0.0 0.0 0.0 0.0
0 0.0 0.0 0.0 0.0 0.0 0.0 0.0 0 0 0 0.0 0.0 0.0 0.0 0.0 0.0 0.0
0 0.0 0.0 0.0 0.0 0.0 0.0 0.0 0 0 0 0.0 0.0 0.0 0.0 0.0 0.0 0.0
0 0.0 0.0 0.0 0.0 0.0 0.0 0.0
0 0.0 0.0 0.0 0.0 0.0 0.0 0.0
0 0.0 0.0 0.0 0.0 0.0 0.0 0.0
0 0.0 0.0 0.0 0.0 0.0 0.0 0.0
