2021-11-25 57.0 320.5 296.3 320.5 296.3 320.5 296.3
2021-11-28 71.0 346.8 326.9 346.8 326.9 346.8 296.3
2021-11-29 67.0 381.4 353.7 381.4 353.7 381.4 296.3
2021-11-30 70.0 419.5 389.0 419.5 389.0 419.5 296.3
2021-12-01 160.0 461.4 427.8 461.4 427.8 461.4 296.3
2021-12-02 700.0 507.5 470.6 507.5 470.6 507.5 296.3
2021-12-05 33698.0 500.0 517.0 558.2 471.0 558.2 296.3
2021-12-06 10801.0 500.0 510.0 510.0 455.0 558.2 296.3
2021-12-07 6274.0 475.0 510.0 519.0 471.6 558.2 296.3
2021-12-08 8150.0 441.0 467.0 467.0 427.5 558.2 296.3
2021-12-09 5381.0 425.0 432.3 440.0 418.5 558.2 296.3
