2021-11-16 122674.0 512.0 494.5 515.0 485.0 823.9 195.0
2021-11-17 102927.0 515.0 501.8 526.0 501.8 823.9 195.0
2021-11-18 79705.0 497.2 509.0 519.0 493.0 823.9 195.0
2021-11-21 43218.0 496.0 487.3 508.9 487.3 823.9 195.0
2021-11-22 50364.0 498.0 505.0 512.0 492.2 823.9 195.0
2021-11-23 48893.0 482.0 490.0 499.0 476.0 823.9 195.0
2021-11-24 64171.0 489.0 474.0 498.7 468.0 823.9 195.0
2021-11-25 27267.0 481.0 479.3 507.0 478.3 823.9 195.0
2021-11-28 73355.0 455.0 472.0 480.0 453.4 823.9 195.0
2021-11-29 55811.0 453.9 445.9 472.0 444.0 823.9 195.0
2021-11-30 39028.0 462.0 462.9 472.0 446.0 823.9 195.0
2021-12-01 39522.0 466.0 470.9 479.0 461.0 823.9 195.0
2021-12-02 48756.0 444.0 460.0 472.0 439.3 823.9 195.0
