2021-11-16 57615.0 297.0 292.0 297.8 287.0 418.2 235.0
2021-11-17 62154.0 295.0 301.0 301.0 291.1 418.2 235.0
2021-11-18 33589.0 292.0 290.0 295.0 289.1 418.2 235.0
2021-11-21 27857.0 287.9 292.0 292.0 287.7 418.2 235.0
2021-11-22 34054.0 288.0 291.0 293.0 287.1 418.2 235.0
2021-11-23 89647.0 291.0 288.1 293.0 288.0 418.2 235.0
2021-11-24 57165.0 294.0 291.0 300.0 286.2 418.2 235.0
2021-11-25 52551.0 295.0 299.0 301.0 290.7 418.2 235.0
2021-11-28 69286.0 295.9 290.0 301.7 289.0 418.2 235.0
2021-11-29 42751.0 291.1 297.0 297.5 291.0 418.2 235.0
2021-11-30 51807.0 293.0 286.0 295.0 286.0 418.2 235.0
2021-12-01 79180.0 291.0 295.0 297.0 289.5 418.2 235.0
2021-12-02 42061.0 291.0 286.7 292.1 286.7 418.2 235.0
2021-12-05 84214.0 284.9 286.6 289.0 281.0 418.2 235.0
2021-12-06 61508.0 286.0 280.0 287.9 274.4 418.2 235.0
2021-12-07 29756.0 282.7 285.0 288.7 282.7 418.2 235.0
2021-12-08 40424.0 280.0 287.8 287.8 275.5 418.2 235.0
2021-12-09 94109.0 280.5 275.0 285.9 274.4 418.2 235.0
