2021-08-02 255411.0 417.0 430.0 438.6 412.0 438.6 120.0 BULLISH BULLISH BULLISH 424.83 415.87 399.73 390.77 440.97 449.93 466.07
2021-08-04 283801.0 454.0 440.0 474.0 431.7 474.0 120.0 BULLISH BULLISH BULLISH 453.23 432.47 410.93 390.17 474.77 495.53 517.07
2021-08-05 217102.0 431.0 455.0 455.0 429.0 474.0 120.0 BULLISH BULLISH BULLISH 453.23 432.47 410.93 390.17 474.77 495.53 517.07
2021-08-09 247591.0 479.1 471.1 490.0 452.0 490.0 120.0 BULLISH BULLISH BULLISH 473.7 457.4 435.7 419.4 495.4 511.7 533.4
2021-08-12 206086.0 480.2 499.8 499.8 478.0 524.0 120.0 BULLISH BULLISH BULLISH 486.0 472.2 464.2 450.4 494.0 507.8 515.8
2021-08-15 178639.0 454.0 475.2 479.0 440.0 524.0 120.0 BEARISH BULLISH BULLISH 457.67 436.33 418.67 397.33 475.33 496.67 514.33
2021-08-16 121657.0 469.5 462.9 478.0 441.1 524.0 120.0 BEARISH BULLISH BULLISH 462.87 447.73 425.97 410.83 484.63 499.77 521.53
2021-08-17 217616.0 505.0 474.0 511.0 474.0 524.0 120.0 BULLISH BULLISH BULLISH 462.87 447.73 425.97 410.83 484.63 499.77 521.53
2021-08-18 231421.0 500.0 505.0 533.0 490.0 533.0 120.0 BULLISH BULLISH BULLISH 507.67 482.33 464.67 439.33 525.33 550.67 568.33
2021-08-19 126855.0 474.0 500.0 500.0 470.0 533.0 120.0 BEARISH BULLISH BULLISH 481.33 462.67 451.33 432.67 492.67 511.33 522.67
