2021-11-16 1259.0 6825.0 6650.0 6900.0 6650.0 13780.0 4799.0
2021-11-17 1057.0 6900.0 6950.0 7000.0 6900.0 13780.0 4799.0
2021-11-18 1131.0 6760.0 6762.0 7034.0 6750.0 13780.0 4799.0
2021-11-21 2285.0 6629.0 6625.8 6695.0 6500.0 13780.0 4799.0
2021-11-22 435.0 6650.0 6625.0 6655.0 6552.0 13780.0 4799.0
2021-11-23 410.0 6550.0 6520.0 6644.0 6520.0 13780.0 4799.0
2021-11-24 1273.0 6469.0 6421.0 6490.0 6350.0 13780.0 4799.0
2021-11-25 1097.0 6360.0 6376.0 6500.0 6330.0 13780.0 4799.0
2021-11-28 2110.0 5990.0 6300.0 6300.0 5990.0 13780.0 4799.0
2021-11-29 782.0 5975.0 5901.0 6252.0 5901.0 13780.0 4799.0
2021-11-30 729.0 5920.0 6094.0 6094.0 5857.0 13780.0 4799.0
2021-12-01 948.0 5948.0 5935.0 5966.0 5895.0 13780.0 4799.0
2021-12-02 3109.0 5877.0 6000.0 6310.0 5800.0 13780.0 4799.0
