0 0.0 0.0 0.0 0.0 0.0 0.0 0.0 0 0 0 0.0 0.0 0.0 0.0 0.0 0.0 0.0
2021-08-04 46750.0 1965.0 2061.4 2090.0 1950.0 2275.0 1152.0 BULLISH BULLISH BULLISH 2001.67 1913.33 1861.67 1773.33 2053.33 2141.67 2193.33
2021-08-05 23975.0 1955.0 1965.0 1998.0 1935.0 2275.0 1152.0 BULLISH BULLISH BULLISH 2001.67 1913.33 1861.67 1773.33 2053.33 2141.67 2193.33
2021-08-09 11294.0 1910.0 1968.0 1969.0 1905.0 2275.0 1152.0 BEARISH BULLISH BULLISH 1928.0 1887.0 1864.0 1823.0 1951.0 1992.0 2015.0
2021-08-12 23767.0 1918.0 1902.0 1939.0 1875.1 2275.0 1152.0 BEARISH BULLISH BULLISH 1910.7 1882.4 1846.8 1818.5 1946.3 1974.6 2010.2
2021-08-15 26991.0 1955.0 1879.7 1989.0 1879.7 2275.0 1152.0 BULLISH BULLISH BULLISH 1941.23 1893.47 1831.93 1784.17 2002.77 2050.53 2112.07
2021-08-16 12874.0 1942.0 1960.0 1989.0 1941.5 2275.0 1152.0 BULLISH BULLISH BULLISH 1957.5 1926.0 1910.0 1878.5 1973.5 2005.0 2021.0
2021-08-17 15519.0 1910.0 1950.0 1950.0 1910.0 2275.0 1152.0 BEARISH BULLISH BULLISH 1957.5 1926.0 1910.0 1878.5 1973.5 2005.0 2021.0
2021-08-18 16286.0 1914.0 1910.0 1929.0 1900.4 2275.0 1152.0 BEARISH BULLISH BULLISH 1914.47 1899.93 1885.87 1871.33 1928.53 1943.07 1957.13
2021-08-19 15425.0 1930.0 1930.0 1960.0 1911.0 2275.0 1152.0 BEARISH BULLISH BULLISH 1933.67 1907.33 1884.67 1858.33 1956.33 1982.67 2005.33
2021-08-24 13359.0 1895.1 1965.0 1965.0 1894.0 2275.0 1215.0 BEARISH BEARISH BULLISH 1918.03 1871.07 1847.03 1800.07 1942.07 1989.03 2013.07
