2021-11-16 2260.0 531.6 492.9 531.6 492.9 531.6 254.2
2021-11-17 1840.0 584.7 542.2 584.7 542.2 584.7 254.2
2021-11-18 40896.0 643.1 596.3 643.1 596.3 643.1 254.2
2021-11-21 25206.0 616.0 655.0 655.9 602.0 655.9 254.2
2021-11-22 14200.0 600.0 616.0 616.0 590.0 655.9 254.2
2021-11-23 6265.0 588.0 588.0 595.0 585.0 655.9 254.2
2021-11-24 8705.0 575.0 590.0 599.7 554.4 655.9 254.2
2021-11-25 7276.0 570.0 571.0 587.0 569.2 655.9 254.2
2021-11-28 9850.0 548.1 558.6 591.6 526.0 655.9 254.2
2021-11-29 5680.0 546.3 540.0 565.0 538.0 655.9 254.2
2021-11-30 5912.0 585.0 546.0 590.9 538.0 655.9 254.2
2021-12-01 3338.0 570.0 585.0 595.0 556.0 655.9 254.2
2021-12-02 8735.0 565.0 559.0 570.0 544.0 655.9 254.2
2021-12-05 5217.0 549.9 570.0 570.0 529.2 655.9 254.2
2021-12-06 6515.0 539.9 539.0 560.0 507.0 655.9 254.2
2021-12-07 6517.0 524.9 530.0 550.0 515.0 655.9 254.2
2021-12-08 4730.0 509.0 515.1 518.0 499.0 655.9 254.2
2021-12-09 3765.0 507.0 500.0 527.0 500.0 655.9 254.2
