2021-08-02 23007.0 423.0 422.0 430.5 418.0 466.1 198.0 BEARISH BULLISH BULLISH 423.83 417.17 411.33 404.67 429.67 436.33 442.17
2021-08-04 32910.0 425.0 425.0 429.8 417.0 466.1 198.0 BULLISH BULLISH BULLISH 423.93 418.07 411.13 405.27 430.87 436.73 443.67
2021-08-05 25644.0 417.0 426.0 427.0 417.0 466.1 198.0 BEARISH BEARISH BULLISH 423.93 418.07 411.13 405.27 430.87 436.73 443.67
2021-08-09 31081.0 421.2 425.0 434.0 417.0 466.1 198.0 BULLISH BULLISH BULLISH 424.07 414.13 407.07 397.13 431.13 441.07 448.13
2021-08-12 64975.0 441.0 462.0 463.0 438.0 468.0 198.0 BULLISH BULLISH BULLISH 447.33 431.67 422.33 406.67 456.67 472.33 481.67
2021-08-15 47147.0 428.0 449.0 449.0 420.0 468.0 198.0 BEARISH BULLISH BULLISH 432.33 415.67 403.33 386.67 444.67 461.33 473.67
2021-08-16 19820.0 422.0 420.2 435.0 418.5 468.0 198.0 BEARISH BEARISH BULLISH 425.17 415.33 408.67 398.83 431.83 441.67 448.33
2021-08-17 30407.0 416.0 418.5 420.0 415.0 468.0 198.0 BEARISH BEARISH BULLISH 425.17 415.33 408.67 398.83 431.83 441.67 448.33
2021-08-18 19162.0 423.0 416.0 428.0 411.6 468.0 198.0 BEARISH BEARISH BULLISH 420.87 413.73 404.47 397.33 430.13 437.27 446.53
2021-08-19 11871.0 415.0 415.2 423.0 415.0 468.0 198.0 BEARISH BEARISH BULLISH 417.67 412.33 409.67 404.33 420.33 425.67 428.33
2021-08-24 14862.0 411.4 409.0 440.0 409.0 468.0 202.0 BEARISH BEARISH BULLISH 420.13 400.27 389.13 369.27 431.27 451.13 462.27
