2021-04-29 4524.0 423.0 410.0 425.0 409.0 466.0 161.0
2021-04-29 4524.0 423.0 410.0 425.0 409.0 466.0 161.0
2021-04-29 4524.0 423.0 410.0 425.0 409.0 466.0 161.0
2021-04-29 4524.0 423.0 410.0 425.0 409.0 466.0 161.0
2021-04-29 4524.0 423.0 410.0 425.0 409.0 466.0 161.0
2021-04-29 4524.0 423.0 410.0 425.0 409.0 466.0 161.0
2021-04-29 4524.0 423.0 410.0 425.0 409.0 466.0 161.0
2021-04-29 4524.0 423.0 410.0 425.0 409.0 466.0 161.0
2021-04-29 4524.0 423.0 410.0 425.0 409.0 466.0 161.0
2021-04-29 4524.0 423.0 410.0 425.0 409.0 466.0 161.0
2021-04-29 4524.0 423.0 410.0 425.0 409.0 466.0 161.0
2021-04-29 4524.0 423.0 410.0 425.0 409.0 466.0 161.0
2021-04-29 4524.0 423.0 410.0 425.0 409.0 466.0 161.0
2021-04-29 4524.0 423.0 410.0 425.0 409.0 466.0 161.0
2021-04-29 4524.0 423.0 410.0 425.0 409.0 466.0 161.0
2021-04-29 4524.0 423.0 410.0 425.0 409.0 466.0 161.0
2021-04-29 4524.0 423.0 410.0 425.0 409.0 466.0 161.0
2021-04-29 4524.0 423.0 410.0 425.0 409.0 466.0 161.0
