2021-11-16 28276.0 748.0 710.0 750.0 710.0 890.0 432.0
2021-11-17 47691.0 729.0 755.0 755.0 726.5 890.0 432.0
2021-11-18 47645.0 725.0 718.0 749.0 715.0 890.0 432.0
2021-11-21 7557.0 725.0 739.0 739.0 717.0 890.0 432.0
2021-11-22 33753.0 735.0 721.0 742.0 721.0 890.0 432.0
2021-11-23 28791.0 727.9 722.1 735.0 719.1 890.0 432.0
2021-11-24 12236.0 740.0 714.1 740.0 706.0 890.0 432.0
2021-11-25 19517.0 719.0 746.0 746.0 719.0 890.0 432.0
2021-11-28 20774.0 686.0 705.0 716.0 685.1 890.0 432.0
2021-11-29 7204.0 678.0 690.0 708.0 677.0 890.0 432.0
2021-11-30 11841.0 700.0 691.0 705.0 669.0 890.0 432.0
2021-12-01 8487.0 676.2 700.0 714.0 676.2 890.0 432.0
2021-12-02 13935.0 655.0 688.0 688.0 648.0 890.0 432.0
2021-12-05 10859.0 637.0 667.0 667.0 617.4 890.0 432.0
2021-12-06 17933.0 652.0 625.0 653.0 610.0 890.0 432.0
2021-12-07 7838.0 630.0 665.0 670.0 630.0 890.0 432.0
2021-12-08 13033.0 614.9 620.0 626.0 605.0 890.0 432.0
2021-12-09 4927.0 619.0 604.0 639.0 603.0 890.0 432.0
