2021-11-16 71194.0 695.1 655.0 708.0 645.0 940.1 342.0
2021-11-17 34977.0 686.0 682.1 723.0 677.0 940.1 342.0
2021-11-18 45740.0 681.0 685.0 695.0 661.0 940.1 342.0
2021-11-21 34148.0 684.0 681.0 690.0 675.0 940.1 342.0
2021-11-22 46919.0 688.9 671.0 703.0 671.0 940.1 342.0
2021-11-23 23864.0 662.0 678.0 691.0 660.0 940.1 342.0
2021-11-24 33655.0 668.0 651.0 672.0 648.8 940.1 342.0
2021-11-25 17213.0 670.0 655.0 681.0 651.0 940.1 342.0
2021-11-28 23124.0 649.0 657.0 662.0 631.2 940.1 342.0
2021-11-29 12120.0 636.3 636.1 663.0 630.0 940.1 342.0
2021-11-30 11115.0 645.0 630.0 660.0 626.0 940.1 342.0
2021-12-01 9008.0 643.0 635.0 660.0 632.5 940.1 342.0
2021-12-02 13450.0 627.0 630.3 643.0 621.0 940.1 342.0
2021-12-05 16723.0 611.0 615.0 627.0 605.0 940.1 342.0
2021-12-06 21830.0 648.9 600.0 650.0 595.9 940.1 342.0
2021-12-07 14900.0 621.0 648.0 660.0 613.0 940.1 342.0
2021-12-08 15725.0 608.0 609.0 630.0 592.0 940.1 342.0
2021-12-09 12942.0 613.0 600.0 620.0 590.0 940.1 342.0
