2021-11-16 224820.0 492.0 480.0 499.9 461.0 646.6 135.0
2021-11-17 240172.0 479.0 485.0 509.9 475.0 646.6 135.0
2021-11-18 163419.0 474.9 469.5 489.9 465.0 646.6 135.0
2021-11-21 85228.0 474.7 465.5 483.0 465.5 646.6 135.0
2021-11-22 88029.0 470.0 479.5 484.0 467.0 646.6 135.0
2021-11-23 135161.0 455.0 471.0 474.0 451.0 646.6 135.0
2021-11-24 101131.0 464.0 455.1 471.9 445.0 646.6 135.0
2021-11-25 43093.0 457.0 473.0 473.0 455.0 646.6 135.0
2021-11-28 143487.0 436.4 457.0 459.0 432.5 646.6 135.0
2021-11-29 107637.0 439.0 445.0 452.0 425.0 646.6 135.0
2021-11-30 53693.0 440.0 439.0 445.0 428.1 646.6 135.0
2021-12-01 68212.0 440.0 448.0 448.0 435.1 646.6 135.0
2021-12-02 77702.0 425.0 448.8 448.8 421.5 646.6 135.0
2021-12-05 109015.0 399.0 425.0 425.0 398.0 646.6 135.0
2021-12-06 171425.0 412.5 406.9 426.0 380.0 646.6 135.0
2021-12-07 94048.0 398.0 419.0 426.0 397.0 646.6 135.0
2021-12-08 77013.0 381.0 401.0 405.0 378.0 646.6 135.0
2021-12-09 101340.0 377.2 376.0 394.0 373.0 646.6 135.0
2021-12-12 124333.0 354.0 378.0 378.0 353.0 646.6 135.0
2021-12-13 145969.00 323.4 350.0 350.0 321.5 646.6 135.0
2021-12-14 99604.00 355.7 329.8 355.7 325.0 646.6 135.0
2021-12-15 182319.00 358.0 362.8 382.9 349.0 646.6 135.0
2021-12-16 110149.0 343.9 364.0 364.0 342.0 646.6 135.0
0 0.0 0.0 0.0 0.0 0.0 0.0 0.0
2021-12-21 120625.0 352.0 341.7 353.9 334.0 646.6 135.0
2021-12-22 193803.0 382.0 359.0 383.0 354.0 646.6 142.0
2021-12-23 115759.0 377.0 385.0 394.0 369.0 646.6 142.0
2021-12-26 99909.0 377.0 384.5 388.8 371.0 646.6 142.0
2021-12-27 109574.0 357.0 377.0 388.0 357.0 646.6 142.0
2021-12-28 87848.0 359.9 364.0 365.0 344.0 646.6 142.0
2021-12-29 33245.0 358.0 360.0 365.0 355.0 646.6 142.0
2022-01-02 60330.0 359.0 361.0 362.7 350.0 646.6 143.0
2022-01-03 73400.0 360.6 366.1 373.0 357.0 646.6 143.0
2022-01-04 60906.0 372.0 360.0 372.0 358.1 646.6 145.0
2022-01-05 191095.0 378.0 372.0 393.0 372.0 646.6 145.0
2022-01-06 87527.0 392.0 378.0 392.6 375.0 646.6 152.0
2022-01-09 229327.0 420.0 399.8 420.2 398.0 646.6 152.0
2022-01-10 170824.0 417.0 427.0 431.0 406.0 646.6 152.0
2022-01-11 148399.0 419.9 410.0 428.0 410.0 646.6 152.0
2022-01-12 196619.0 407.0 419.0 430.0 404.8 646.6 152.0
2022-01-13 168833.0 425.1 415.1 432.0 402.0 646.6 152.0
2022-01-16 192524.0 437.0 433.0 450.0 433.0 646.6 152.0
2022-01-17 177636.0 444.0 445.7 452.0 430.0 646.6 152.0
2022-01-18 291022.0 449.0 450.0 474.0 438.1 646.6 152.0
2022-01-19 173818.0 442.0 449.0 459.0 438.2 646.6 152.0
2022-01-20 139549.0 457.0 450.0 457.9 436.0 646.6 152.0
2022-01-23 145034.0 446.3 459.0 470.0 443.0 646.6 152.0
2022-01-24 245742.0 420.0 455.2 455.2 414.0 646.6 152.0
2022-01-25 128508.0 417.9 428.4 434.0 412.0 646.6 152.0
2022-01-26 130714.0 409.0 415.0 418.0 404.0 646.6 152.0
2022-01-27 79715.0 407.0 406.0 417.0 404.0 646.6 152.0
2022-01-30 161217.0 438.6 415.1 438.6 415.1 646.6 152.0
2022-01-31 100298.0 426.0 445.0 447.0 423.0 646.6 152.0
2022-02-01 185255.0 442.0 431.5 446.0 421.0 646.6 152.0
2022-02-03 213694.0 437.0 446.7 456.0 435.0 646.6 152.0
2022-02-06 103168.0 424.0 445.7 445.7 423.7 646.6 152.0
2022-02-07 92484.0 433.5 424.0 439.9 418.0 646.6 152.0
2022-02-09 64623.0 419.0 423.0 430.0 414.0 646.6 152.0
2022-02-10 53082.0 415.0 425.0 433.0 412.2 646.6 152.0
2022-02-13 160653.0 392.0 407.7 408.0 390.0 646.6 152.0
2022-02-14 81647.0 395.0 390.0 405.7 389.0 646.6 152.0
2022-02-15 88825.0 418.0 401.0 418.5 393.3 646.6 152.0
2022-02-16 73646.0 403.0 418.0 421.0 401.1 646.6 152.0
2022-02-17 53919.0 399.0 403.0 409.0 395.0 646.6 152.0
2022-02-20 103480.0 392.0 391.1 404.0 383.3 646.6 154.0
2022-02-21 77108.0 408.0 399.6 410.0 391.5 646.6 154.0
2022-02-22 67617.0 408.0 416.0 416.0 406.0 646.6 160.0
