2021-11-16 21130.0 608.0 591.6 608.0 583.0 811.0 200.0
2021-11-17 8875.0 598.0 620.0 657.9 598.0 811.0 200.0
2021-11-18 17303.0 590.0 590.0 633.0 580.1 811.0 200.0
2021-11-21 6240.0 600.0 583.1 606.9 583.1 811.0 200.0
2021-11-22 9793.0 599.0 612.0 624.2 590.0 811.0 200.0
2021-11-23 16109.0 585.1 590.0 613.0 585.0 811.0 200.0
2021-11-24 8752.0 590.0 575.0 598.0 573.4 811.0 200.0
2021-11-25 1160.0 587.0 579.0 600.1 579.0 811.0 200.0
2021-11-28 5965.0 568.0 575.3 588.0 558.8 811.0 200.0
2021-11-29 17144.0 555.0 576.0 576.0 539.0 811.0 200.0
2021-11-30 5127.0 591.0 566.1 591.0 547.0 811.0 200.0
2021-12-01 7680.0 592.0 580.0 614.0 569.0 811.0 200.0
2021-12-02 3562.0 560.0 580.2 580.2 557.7 811.0 200.0
2021-12-05 7643.0 527.0 560.0 560.0 520.0 811.0 200.0
2021-12-06 13865.0 540.0 537.5 550.8 478.0 811.0 200.0
2021-12-07 13918.0 540.6 540.0 594.0 530.0 811.0 200.0
2021-12-08 5175.0 511.9 530.0 540.0 501.0 811.0 200.0
2021-12-09 3507.0 508.0 522.1 522.1 505.1 811.0 200.0
