2021-11-16 37684.0 408.2 392.0 412.0 389.0 612.0 102.0
2021-11-17 26012.0 401.0 416.3 432.0 400.0 612.0 102.0
2021-11-18 52750.0 402.9 401.0 415.0 394.0 612.0 102.0
2021-11-21 30942.0 412.0 394.9 419.0 394.9 612.0 102.0
2021-11-22 16041.0 408.3 415.0 419.9 407.0 612.0 102.0
2021-11-23 36770.0 394.0 402.3 410.0 382.3 612.0 102.0
2021-11-24 20955.0 395.1 390.0 410.0 375.0 612.0 102.0
2021-11-25 22190.0 399.0 400.0 407.0 397.0 612.0 102.0
2021-11-28 24559.0 377.5 395.0 395.0 372.4 612.0 102.0
2021-11-29 17315.0 379.0 370.0 392.0 370.0 612.0 102.0
2021-11-30 16915.0 380.0 386.0 386.0 359.0 612.0 102.0
2021-12-01 10345.0 378.0 387.6 390.0 377.3 612.0 102.0
2021-12-02 23266.0 362.0 371.0 385.5 360.0 612.0 102.0
2021-12-05 18664.0 347.0 356.0 364.0 345.0 612.0 102.0
2021-12-06 20753.0 360.9 341.0 363.1 330.0 612.0 102.0
2021-12-07 21128.0 345.0 368.0 375.0 345.0 612.0 102.0
2021-12-08 11594.0 330.0 339.0 350.0 325.0 612.0 102.0
2021-12-09 13567.0 328.0 325.0 346.2 321.0 612.0 102.0
2021-12-12 15326.0 309.0 323.0 323.0 305.0 612.0 102.0
2021-12-13 27995.00 284.0 302.9 305.0 278.1 612.0 102.0
2021-12-14 11932.00 312.4 289.6 312.4 289.0 612.0 102.0
2021-12-15 34152.00 327.0 318.6 343.6 315.0 612.0 102.0
2021-12-16 18720.0 313.9 320.5 331.0 313.9 612.0 102.0
0 0.0 0.0 0.0 0.0 0.0 0.0 0.0
2021-12-21 7529.0 315.0 309.0 316.0 305.0 612.0 102.0
2021-12-22 16600.0 331.0 321.0 336.0 319.0 612.0 104.0
2021-12-23 19355.0 326.0 337.6 345.0 318.0 612.0 104.0
2021-12-26 11031.0 324.0 320.0 332.0 319.0 612.0 104.0
2021-12-27 23387.0 308.0 320.0 327.9 308.0 612.0 104.0
2021-12-28 20679.0 310.0 301.9 320.0 291.0 612.0 104.0
2021-12-29 6652.0 308.0 305.0 316.0 305.0 612.0 104.0
2022-01-02 9594.0 310.0 308.0 314.1 304.0 612.0 104.0
2022-01-03 11179.0 312.9 310.0 325.0 308.0 612.0 104.0
2022-01-04 15072.0 319.0 310.0 323.0 310.0 612.0 105.0
2022-01-05 15423.0 315.0 319.0 333.9 315.0 612.0 105.0
2022-01-06 14753.0 318.5 316.0 321.3 312.0 612.0 109.0
2022-01-09 71343.0 350.3 324.4 350.3 324.4 612.0 109.0
2022-01-10 67905.0 385.3 357.2 385.3 357.2 612.0 109.0
2022-01-11 25867.0 398.0 391.9 410.9 383.2 612.0 109.0
2022-01-12 63364.0 376.0 390.1 402.0 374.3 612.0 109.0
2022-01-13 40382.0 392.7 383.0 397.0 368.5 612.0 110.0
2022-01-16 61471.0 406.8 400.0 412.0 397.0 612.0 110.0
2022-01-17 31560.0 401.0 414.9 414.9 392.0 612.0 110.0
2022-01-18 32556.0 385.0 400.0 402.0 380.1 612.0 110.0
2022-01-19 28518.0 380.0 385.0 397.0 375.0 612.0 110.0
2022-01-20 78521.0 407.5 380.0 408.0 380.0 612.0 110.0
2022-01-23 44805.0 404.0 414.4 418.0 399.4 612.0 113.0
2022-01-24 50558.0 381.0 396.1 403.0 377.0 612.0 113.0
2022-01-25 37447.0 385.0 388.0 395.7 374.0 612.0 113.0
2022-01-26 38147.0 381.0 385.0 385.0 363.0 612.0 113.0
2022-01-27 18995.0 376.0 380.0 387.0 370.5 612.0 113.0
2022-01-30 37194.0 400.0 383.5 400.0 383.5 612.0 113.0
2022-01-31 28160.0 390.0 400.0 402.0 389.0 612.0 113.0
2022-02-01 70828.0 409.0 385.0 415.0 384.0 612.0 113.0
2022-02-03 93603.0 408.0 411.0 423.0 406.3 612.0 113.0
2022-02-06 31548.0 399.0 402.0 405.1 391.0 612.0 113.0
2022-02-07 25142.0 403.0 398.9 406.9 395.0 612.0 113.0
2022-02-09 19291.0 390.9 393.0 397.0 385.0 612.0 113.0
2022-02-10 17186.0 388.0 390.0 393.0 385.4 612.0 113.0
2022-02-13 48119.0 365.0 384.0 384.0 357.0 612.0 113.0
2022-02-14 17516.0 369.0 372.0 384.9 365.2 612.0 113.0
2022-02-15 14530.0 385.0 375.0 390.0 370.2 612.0 113.0
2022-02-16 14579.0 375.0 392.0 392.7 368.0 612.0 113.0
2022-02-17 12546.0 370.0 369.1 385.0 369.1 612.0 113.0
2022-02-20 27683.0 374.0 362.6 382.0 348.3 612.0 113.0
2022-02-21 13505.0 381.0 381.0 387.0 370.0 612.0 113.0
2022-02-22 11286.0 379.2 384.0 391.6 379.2 612.0 113.0
