2021-11-16 285.0 19999.0 19482.4 20277.6 19092.8 23378.0 18140.0
2021-11-17 80.0 19600.0 20000.0 20000.0 19600.0 23378.0 18140.0
2021-11-18 20.0 19308.1 19700.0 19700.0 19308.1 23378.0 18140.0
2021-11-21 40.0 19200.0 19599.0 19599.0 19200.0 23378.0 18200.0
2021-11-23 60.0 19005.0 19100.0 19100.0 19005.0 23378.0 18200.0
2021-11-24 23.0 19001.0 19005.0 19005.0 19001.0 23378.0 18200.0
2021-11-25 50.0 19295.0 19001.0 19295.0 19001.0 23378.0 18200.0
2021-11-28 80.0 19000.0 18950.0 19000.0 18910.0 23378.0 18200.0
2021-11-29 82.0 18625.0 18900.0 18900.0 18625.0 23378.0 18200.0
2021-11-30 10.0 18300.0 18300.0 18300.0 18300.0 23180.0 18200.0
2021-12-02 70.0 18251.0 18666.0 19000.0 18251.0 23180.0 18200.0
