2021-11-16 138516.0 432.0 420.2 437.0 409.0 635.0 116.0
2021-11-17 129035.0 440.0 440.0 456.3 425.0 635.0 116.0
2021-11-18 130423.0 430.0 440.0 440.0 421.0 635.0 116.0
2021-11-21 72378.0 421.0 421.4 435.0 414.0 635.0 116.0
2021-11-22 36713.0 416.0 422.0 429.0 415.2 635.0 116.0
2021-11-23 117157.0 400.0 424.0 424.0 397.0 635.0 116.0
2021-11-24 87870.0 410.1 395.1 415.0 390.0 635.0 116.0
2021-11-25 53439.0 407.0 418.0 420.0 407.0 635.0 116.0
2021-11-28 117288.0 385.0 398.9 405.9 381.3 635.0 116.0
2021-11-29 70308.0 392.0 385.0 402.0 382.0 635.0 116.0
2021-11-30 54465.0 392.0 398.9 399.0 382.5 635.0 116.0
2021-12-01 40026.0 389.6 399.0 402.8 387.4 635.0 116.0
2021-12-02 64345.0 376.4 397.3 399.0 376.0 635.0 116.0
2021-12-05 76076.0 364.0 380.0 383.0 355.0 635.0 116.0
2021-12-06 142721.0 383.0 360.0 383.5 348.0 635.0 116.0
2021-12-07 66382.0 373.0 385.0 395.0 365.0 635.0 116.0
2021-12-08 51091.0 356.0 380.0 380.0 354.0 635.0 116.0
2021-12-09 56297.0 367.0 357.0 371.0 350.1 635.0 116.0
