2021-11-16 56418.0 641.3 585.0 641.3 585.0 962.5 290.0
2021-11-17 95049.0 705.4 654.1 705.4 654.1 962.5 290.0
2021-11-18 567392.0 679.0 719.5 748.0 672.1 962.5 290.0
2021-11-21 221042.0 692.0 690.0 702.0 670.4 962.5 290.0
2021-11-22 151848.0 700.0 692.0 714.0 690.0 962.5 290.0
2021-11-23 103747.0 686.0 700.0 704.0 676.2 962.5 290.0
2021-11-24 105151.0 688.0 686.0 695.0 670.0 962.5 290.0
2021-11-25 71470.0 679.1 695.0 695.0 679.0 962.5 293.0
2021-11-28 191620.0 649.0 668.0 678.0 641.9 962.5 294.0
2021-11-29 96812.0 653.0 648.9 667.0 640.0 962.5 294.0
2021-11-30 78725.0 645.0 654.0 665.0 638.0 962.5 295.0
2021-12-01 54816.0 642.0 657.0 665.0 640.0 962.5 326.0
2021-12-02 74865.0 628.0 650.0 650.0 627.0 962.5 350.0
2021-12-05 106303.0 602.5 625.0 626.0 599.0 962.5 350.0
2021-12-06 188049.0 625.0 590.5 634.0 581.0 962.5 350.0
2021-12-07 86639.0 610.0 637.0 648.0 608.0 962.5 350.0
2021-12-08 67266.0 597.0 621.0 621.0 590.0 962.5 350.0
2021-12-09 78599.0 598.0 598.2 609.0 588.0 962.5 350.0
