2021-11-16 3002.0 2300.0 2252.0 2338.0 2240.0 2868.0 1097.0
2021-11-17 1108.0 2297.0 2267.5 2297.0 2265.0 2868.0 1097.0
2021-11-18 1353.0 2270.0 2255.0 2270.0 2209.9 2868.0 1097.0
2021-11-21 1737.0 2270.0 2275.0 2300.0 2224.6 2868.0 1097.0
2021-11-22 619.0 2281.0 2270.1 2285.0 2245.0 2868.0 1097.0
2021-11-23 696.0 2240.0 2241.0 2245.0 2240.0 2868.0 1097.0
2021-11-24 1877.0 2190.0 2195.5 2200.0 2140.3 2868.0 1097.0
2021-11-25 1386.0 2133.0 2170.0 2170.0 2130.0 2868.0 1097.0
2021-11-28 1700.0 2020.2 2091.0 2100.1 2020.0 2868.0 1105.0
2021-11-29 1968.0 1940.3 2023.0 2023.0 1940.3 2868.0 1105.0
2021-11-30 671.0 1931.1 1979.0 1979.0 1930.0 2868.0 1105.0
2021-12-01 3054.0 1960.0 1968.0 2009.0 1900.0 2868.0 1105.0
2021-12-02 2071.0 1885.0 1940.0 1940.0 1885.0 2868.0 1105.0
2021-12-05 1662.0 1815.6 1885.0 1885.0 1780.0 2868.0 1105.0
2021-12-06 4257.0 1813.0 1815.0 1815.0 1746.0 2868.0 1105.0
2021-12-07 1941.0 1737.2 1820.0 1860.0 1737.2 2868.0 1105.0
2021-12-08 1205.0 1721.0 1771.0 1771.0 1721.0 2868.0 1105.0
2021-12-09 1471.0 1745.0 1750.0 1755.4 1702.0 2868.0 1105.0
2021-12-12 2595.0 1645.0 1712.0 1730.0 1645.0 2868.0 1124.0
2021-12-13 1615.00 1592.0 1616.0 1654.0 1581.1 2868.0 1124.0
2021-12-14 348.00 1751.2 1623.0 1751.2 1617.0 2868.0 1161.0
2021-12-15 2923.00 1700.0 1786.2 1855.0 1695.5 2868.0 1202.0
2021-12-16 1967.0 1625.0 1734.0 1734.0 1625.0 2868.0 1202.0
2021-12-21 1226.0 1723.0 1685.0 1730.0 1680.0 2868.0 1202.0
2021-12-21 1291.0 1738.0 1685.0 1738.0 1680.0 2868.0 1202.0
2021-12-22 1947.0 1837.0 1721.0 1837.0 1721.0 2868.0 1270.0
2021-12-23 3199.0 1855.0 1839.0 1887.0 1813.0 2868.0 1270.0
2021-12-26 1707.0 1919.0 1892.1 1929.8 1891.0 2868.0 1270.0
2021-12-27 1661.0 1908.0 1925.0 1957.3 1882.0 2868.0 1270.0
2021-12-28 4962.0 1935.0 1905.0 1946.1 1881.5 2868.0 1270.0
2021-12-29 2053.0 1463.0 1491.0 1525.0 1459.5 2868.0 1270.0
2022-01-02 2440.0 1556.0 1469.0 1556.0 1442.0 2868.0 1291.0
2022-01-03 1096.0 1534.4 1587.0 1587.0 1534.4 2868.0 1291.0
2022-01-04 330.0 1559.0 1548.0 1559.0 1531.1 2868.0 1291.0
2022-01-05 890.0 1549.0 1530.2 1549.0 1507.1 2868.0 1291.0
2022-01-06 2088.0 1569.0 1565.0 1577.0 1544.0 2868.0 1301.0
2022-01-09 3356.0 1592.0 1575.0 1619.0 1566.0 2868.0 1375.0
2022-01-10 1203.0 1595.0 1570.0 1597.0 1561.0 2868.0 1375.0
2022-01-11 3064.0 1660.0 1595.0 1660.0 1590.0 2868.0 1375.0
2022-01-12 1548.0 1640.0 1660.0 1692.0 1638.0 2868.0 1383.0
2022-01-13 634.0 1679.9 1655.0 1679.9 1650.0 2868.0 1408.0
2022-01-16 619.0 1740.0 1651.0 1786.0 1651.0 2868.0 1421.0
2022-01-17 1321.0 1720.0 1740.0 1750.0 1703.0 2868.0 1421.0
2022-01-18 766.0 1700.0 1750.0 1750.0 1662.1 2868.0 1442.0
2022-01-19 366.0 1670.0 1700.0 1700.0 1670.0 2868.0 1442.0
2022-01-20 702.0 1668.0 1640.0 1669.0 1640.0 2868.0 1442.0
2022-01-23 995.0 1698.8 1695.0 1700.0 1635.1 2868.0 1442.0
2022-01-24 476.0 1635.0 1690.0 1690.0 1631.0 2868.0 1442.0
2022-01-25 2723.0 1600.0 1603.0 1635.0 1590.0 2868.0 1442.0
2022-01-26 467.0 1596.0 1600.0 1600.0 1568.0 2868.0 1442.0
2022-01-27 1406.0 1591.0 1599.9 1600.0 1566.0 2868.0 1442.0
2022-01-30 875.0 1660.0 1622.8 1660.0 1622.0 2868.0 1442.0
2022-01-31 1033.0 1640.0 1693.2 1761.0 1630.0 2868.0 1442.0
2022-02-01 968.0 1665.0 1650.0 1665.0 1650.0 2868.0 1442.0
2022-02-03 344.0 1636.0 1698.0 1698.0 1635.0 2868.0 1442.0
2022-02-06 525.0 1605.0 1625.0 1630.0 1605.0 2868.0 1442.0
2022-02-07 264.0 1605.0 1600.0 1620.0 1600.0 2868.0 1442.0
2022-02-09 244.0 1581.0 1605.0 1606.0 1581.0 2868.0 1442.0
2022-02-10 192.0 1579.0 1566.0 1587.0 1566.0 2868.0 1442.0
2022-02-13 663.0 1518.0 1550.0 1550.0 1515.1 2868.0 1442.0
2022-02-14 930.0 1495.0 1500.0 1525.0 1490.0 2868.0 1442.0
2022-02-15 475.0 1540.0 1485.0 1540.0 1485.0 2868.0 1442.0
2022-02-16 161.0 1520.0 1545.0 1545.0 1520.0 2868.0 1442.0
2022-02-17 159.0 1505.0 1494.0 1523.0 1494.0 2868.0 1442.0
2022-02-20 157.0 1486.0 1477.0 1498.0 1477.0 2868.0 1442.0
2022-02-21 410.0 1514.0 1515.6 1530.0 1486.1 2868.0 1442.0
2022-02-22 108.0 1512.0 1544.0 1544.0 1509.2 2868.0 1442.0
