2021-08-02 8925.0 1912.0 1922.0 1924.0 1900.0 2021.0 840.0 BULLISH BULLISH BULLISH 1912.0 1900.0 1888.0 1876.0 1924.0 1936.0 1948.0
2021-08-04 9768.0 1936.0 2031.0 2036.0 1931.0 2036.0 840.0 BEARISH BULLISH BULLISH 1967.67 1899.33 1862.67 1794.33 2004.33 2072.67 2109.33
2021-08-05 10384.0 1920.0 1898.0 1958.0 1887.0 2036.0 840.0 BEARISH BULLISH BULLISH 1967.67 1899.33 1862.67 1794.33 2004.33 2072.67 2109.33
2021-08-09 5723.0 1835.0 1850.0 1850.0 1810.0 2036.0 840.0 BEARISH BEARISH BULLISH 1831.67 1813.33 1791.67 1773.33 1853.33 1871.67 1893.33
2021-08-12 6523.0 1840.0 1845.0 1890.0 1813.0 2036.0 840.0 BEARISH BEARISH BULLISH 1847.67 1805.33 1770.67 1728.33 1882.33 1924.67 1959.33
2021-08-15 7402.0 1895.0 1840.0 1958.0 1840.0 2036.0 840.0 BULLISH BULLISH BULLISH 1897.67 1837.33 1779.67 1719.33 1955.33 2015.67 2073.33
2021-08-16 2701.0 1897.9 1865.1 1932.0 1865.1 2036.0 840.0 BULLISH BULLISH BULLISH 1898.33 1864.67 1831.43 1797.77 1931.57 1965.23 1998.47
2021-08-17 4677.0 1861.0 1897.0 1905.0 1860.0 2036.0 840.0 BEARISH BEARISH BULLISH 1898.33 1864.67 1831.43 1797.77 1931.57 1965.23 1998.47
2021-08-18 4221.0 1863.0 1824.0 1880.0 1820.0 2036.0 860.0 BEARISH BEARISH BULLISH 1854.33 1828.67 1794.33 1768.67 1888.67 1914.33 1948.67
2021-08-19 6693.0 1860.0 1870.0 1900.0 1826.0 2036.0 860.0 BEARISH BEARISH BULLISH 1862.0 1824.0 1788.0 1750.0 1898.0 1936.0 1972.0
2021-08-24 1650.0 1830.0 1824.0 1858.0 1824.0 2036.0 880.0 BEARISH BEARISH BULLISH 1837.33 1816.67 1803.33 1782.67 1850.67 1871.33 1884.67
