2022-01-19 1.0 831.0 831.0 831.0 831.0 831.0 831.0
2022-01-23 65.0 914.1 847.6 914.1 847.6 914.1 831.0
2022-01-24 82.0 1005.5 932.3 1005.5 932.3 1005.5 831.0
2022-01-25 70.0 1106.0 1025.6 1106.0 1025.6 1106.0 831.0
2022-01-26 324.0 1216.6 1128.1 1216.6 1128.1 1216.6 831.0
2022-01-27 111.0 1338.2 1240.9 1338.2 1240.9 1338.2 831.0
2022-01-30 585.0 1472.0 1364.9 1472.0 1364.9 1472.0 831.0
2022-01-31 8304.0 1619.2 1501.4 1619.2 1501.4 1619.2 831.0
2022-02-01 4057.0 1781.1 1651.5 1781.1 1651.5 1781.1 831.0
2022-02-03 2373.0 1959.2 1816.7 1959.2 1816.7 1959.2 831.0
2022-02-06 20169.0 1763.3 1998.3 2090.0 1763.3 2090.0 831.0
2022-02-07 4141.0 1720.0 1730.0 1830.0 1610.0 2090.0 831.0
2022-02-09 1866.0 1710.0 1750.0 1750.0 1706.0 2090.0 831.0
2022-02-10 1428.0 1699.0 1677.0 1703.0 1666.0 2090.0 831.0
2022-02-13 2851.0 1570.0 1665.1 1665.1 1569.0 2090.0 831.0
2022-02-14 1036.0 1568.0 1601.0 1601.0 1565.1 2090.0 831.0
2022-02-15 817.0 1580.0 1568.0 1600.0 1562.0 2090.0 831.0
2022-02-16 681.0 1580.0 1600.0 1600.0 1541.1 2090.0 831.0
2022-02-17 681.0 1564.0 1556.0 1580.0 1550.0 2090.0 831.0
2022-02-20 1192.0 1519.0 1564.0 1564.0 1501.4 2090.0 831.0
2022-02-21 1491.0 1500.0 1490.0 1520.0 1490.0 2090.0 831.0
2022-02-22 741.0 1501.0 1530.0 1530.0 1500.0 2090.0 831.0
