2021-08-02 30198.0 1725.0 1708.5 1776.8 1702.0 2005.0 717.0 BULLISH BULLISH BULLISH 1734.6 1692.4 1659.8 1617.6 1767.2 1809.4 1842.0
2021-08-04 41925.0 1857.0 1887.0 2000.0 1855.0 2005.0 717.0 BULLISH BULLISH BULLISH 1904.0 1808.0 1759.0 1663.0 1953.0 2049.0 2098.0
2021-08-05 17225.0 1800.0 1890.0 1890.0 1795.0 2005.0 717.0 BULLISH BULLISH BULLISH 1904.0 1808.0 1759.0 1663.0 1953.0 2049.0 2098.0
2021-08-09 4181.0 1740.0 1743.0 1749.0 1730.0 2005.0 717.0 BEARISH BULLISH BULLISH 1739.67 1730.33 1720.67 1711.33 1749.33 1758.67 1768.33
2021-08-12 6421.0 1735.0 1765.0 1765.0 1730.0 2005.0 717.0 BEARISH BULLISH BULLISH 1743.33 1721.67 1708.33 1686.67 1756.67 1778.33 1791.67
2021-08-15 10252.0 1776.5 1740.0 1803.0 1721.0 2005.0 717.0 BULLISH BULLISH BULLISH 1766.83 1730.67 1684.83 1648.67 1812.67 1848.83 1894.67
2021-08-16 5524.0 1750.0 1780.0 1812.0 1750.0 2005.0 717.0 BEARISH BULLISH BULLISH 1770.67 1729.33 1708.67 1667.33 1791.33 1832.67 1853.33
2021-08-17 6043.0 1725.0 1760.0 1760.0 1711.0 2005.0 717.0 BEARISH BEARISH BULLISH 1770.67 1729.33 1708.67 1667.33 1791.33 1832.67 1853.33
2021-08-18 8426.0 1717.0 1700.0 1750.0 1695.0 2005.0 717.0 BEARISH BEARISH BULLISH 1720.67 1691.33 1665.67 1636.33 1746.33 1775.67 1801.33
2021-08-19 6073.0 1715.0 1700.0 1740.0 1700.0 2005.0 717.0 BEARISH BEARISH BULLISH 1718.33 1696.67 1678.33 1656.67 1736.67 1758.33 1776.67
