2867631.5 1642.0 -0.18 1602.3 0.0 36.42 45.09 143.31 11.46 NULL 8.85 NULL 3040.0 4708650923.00
109899297.9 588.0 7.89 453.5 38.03 22.19 26.5 228.69 2.57 0.78 15.0 NULL 146094.0 64620787165.20
10000000.0 839.0 0.0 857.32 0.0 8.15 102.94 107.55 7.8 NULL NULL NULL 9113.0 8390000000.00
8000000.0 292.5 0.52 222.63 496.74 -4.63 -63.17 64.05 4.57 NULL NULL NULL 14198.0 2340000000.00
24967185.1 425.0 -0.93 366.17 275.22 6.74 63.06 111.22 3.82 0.26 9.0 NULL 222676.0 10611053667.50
15856500.0 524.0 -1.52 402.34 347.86 17.09 30.66 112.98 4.64 0.29 5.71 NULL 213197.0 8308806000.00
15723591.0 509.0 -0.95 380.33 441.49 6.05 84.13 106.22 4.79 NULL NULL NULL 206037.0 8003307819.00
2671312.0 1900.0 0.26 1761.31 161.38 53.29 35.65 157.47 12.07 NULL NULL NULL 3715.0 5075492800.00
20107607.27 1382.0 -0.29 1347.35 119.02 12.08 114.4 136.33 10.14 0.21 4.0 NULL 21102.0 27788713247.14
96581764.3 401.9 0.86 343.66 72.1 16.14 24.9 165.45 2.43 3.0 13.0 NULL 93986.0 38816211072.17
2679075.0 560.0 -3.93 396.56 577.11 2.62 213.74 103.01 5.44 0.26 5.0 NULL 52864.0 1500282000.00
8289137.9 411.0 -0.94 284.9 314.0 11.45 35.9 111.64 3.68 NULL 20.0 NULL 68501.0 3406835676.90
500000.0 6104.0 -3.1 6013.03 278.56 250.25 24.39 1685.32 3.62 NULL NULL NULL 1081.0 3052000000.00
1210000.0 10950.0 -0.64 10037.82 70.67 384.94 28.45 2117.17 5.17 40.0 NULL NULL 192.0 13249500000.00
29522702.0 528.0 1.32 469.48 48.03 20.71 25.49 235.46 2.24 NULL NULL NULL 87796.0 15587986656.00
8810357.1 474.0 -1.86 320.49 295.83 10.7 44.3 131.31 3.61 3.0 7.0 NULL 77099.0 4176109265.40
90344300.0 296.0 0.68 265.76 65.36 5.29 55.95 117.81 2.51 2.25 5.25 NULL 280908.0 26741912800.00
15340910.0 1509.0 -0.59 1840.63 0.0 -15.74 -95.87 79.09 19.08 NULL NULL NULL 6622.0 23149433190.00
18300000.0 1798.0 0.0 1751.71 68.04 69.65 25.81 258.52 6.95 7.0 22.0 NULL 53073.0 32903400000.00
2976750.0 525.0 -0.76 371.78 540.24 4.78 109.83 103.75 5.06 0.26 5.0 NULL 56048.0 1562793750.00
62807304.8 684.3 -0.25 666.99 71.08 10.94 62.55 158.67 4.31 10.0 10.0 NULL 58505.0 42979038674.64
116620409.1 421.1 2.83 347.25 108.91 17.67 23.83 146.87 2.87 3.0 8.0 NULL 185412.0 49108854272.01
32700004.0 3702.0 -0.71 3922.1 47.02 24.14 153.36 584.3 6.34 8.89 9.0 82.84 15475.0 121055414808.00
NULL 15.4 8.83 11.59 56.66 0.0 0.0 0.0 15.4 15.0 NULL NULL 311853.0 0.00
NULL 16.7 8.87 12.27 0.0 0.0 0.0 0.0 0.0 10.0 NULL NULL 133639.0 0.00
86436610.0 298.0 0.34 262.2 105.86 7.75 38.45 123.38 2.42 NULL NULL NULL 195274.0 25758109780.00
2421216.9 1730.0 -2.64 1410.24 131.28 26.54 65.18 146.63 11.8 NULL NULL NULL 19469.0 4188705237.00
4100000.0 755.0 0.0 699.28 489.84 6.71 112.52 152.52 4.95 NULL NULL NULL 12315.0 3095500000.00
11562486.1 1756.0 0.17 1739.79 104.9 59.75 29.39 198.21 8.86 5.0 15.0 NULL 21750.0 20303725591.60
2640000.0 287.0 1.41 208.51 506.32 -9.13 -31.43 26.86 10.69 NULL NULL NULL 27676.0 757680000.00
89337170.0 770.0 1.18 744.22 1.99 22.5 34.22 235.11 3.28 NULL NULL NULL 50736.0 68789620900.00
11836044.0 782.0 1.31 762.5 92.59 16.7 46.83 129.46 6.04 0.42 8.0 NULL 19065.0 9255786408.00
8111212.2 935.0 1.19 654.13 183.33 19.36 48.3 157.96 5.92 NULL NULL 55.0 31253.0 7583983407.00
8768110.0 832.0 -0.6 835.1 52.94 16.14 51.55 131.95 6.31 4.18 9.5 NULL 47109.0 7295067520.00
6255190.0 2810.0 0.75 2812.34 82.47 77.07 36.46 268.45 10.47 NULL NULL NULL 3511.0 17577083900.00
1273567.5 1835.0 -1.68 1684.66 124.85 26.66 68.83 131.31 13.97 0.79 15.0 NULL 3148.0 2336996362.50
36759125.0 568.5 1.25 431.45 129.23 24.6 23.11 138.92 4.09 0.71 13.5 NULL 149662.0 20897562562.50
10000000.0 710.0 -0.56 717.94 0.0 8.49 83.63 107.56 6.6 NULL NULL NULL 7161.0 7100000000.00
5500000.0 311.0 0.97 234.43 475.93 -5.96 -52.18 94.91 3.28 NULL NULL NULL 13078.0 1710500000.00
216325030.0 476.0 1.28 440.89 81.37 22.05 21.59 148.92 3.2 2.0 14.0 NULL 171897.0 102970714280.00
3308842.3 2885.0 -0.52 2662.88 123.64 85.26 33.84 184.07 15.67 1.45 27.47 NULL 5992.0 9546010035.50
NULL 24.2 9.5 17.79 182.38 0.0 0.0 0.0 24.2 4.0 NULL NULL 817821.0 0.00
8672000.0 739.0 5.57 452.41 395.97 23.08 32.02 171.29 4.31 3.6 8.4 NULL 58451.0 6408608000.00
9825000.0 1250.0 -1.12 1223.4 141.78 38.79 32.22 176.27 7.09 NULL NULL NULL 14033.0 12281250000.00
5190000.0 368.0 -2.26 275.96 228.57 1.99 184.92 104.32 3.53 0.2 3.8 NULL 22555.0 1909920000.00
17843762.2 407.0 8.12 383.27 0.0 0.0 0.0 100.0 4.07 NULL NULL NULL 17599.0 7262411215.40
8640000.0 510.0 0.2 361.79 314.63 11.71 43.55 155.41 3.28 3.4 8.0 NULL 44092.0 4406400000.00
834000.0 1927.0 -1.73 1831.06 135.0 32.37 59.53 145.92 13.21 NULL NULL NULL 661.0 1607118000.00
19755850.0 779.0 -0.64 784.76 65.74 7.04 110.65 126.48 6.16 0.42 5.25 NULL 16213.0 15389807150.00
8679938.0 1182.0 0.6 812.29 853.23 42.05 28.11 195.58 6.04 NULL 7.0 NULL 55302.0 10259686716.00
16000000.0 303.0 1.68 223.09 212.37 0.09 3366.67 85.7 3.54 NULL NULL NULL 185311.0 4848000000.00
9900000.0 393.0 1.66 366.41 302.04 0.12 3275.0 99.24 3.96 NULL NULL NULL 13933.0 3890700000.00
106844008.3 484.0 -0.62 501.44 -15.83 16.06 30.14 171.81 2.82 6.0 14.0 NULL 0.0 51712500017.20
8677023.75 5700.0 0.55 4782.77 227.77 103.38 55.14 188.54 30.23 50.0 50.0 NULL 30456.0 49459035375.00
11003366.4 808.0 1.0 761.49 93.76 11.03 73.25 126.05 6.41 3.75 3.0 NULL 19607.0 8890720051.20
10654170.0 518.0 -4.07 422.19 295.42 0.0 0.0 100.0 5.18 NULL NULL NULL 71246.0 5518860060.00
200000000.0 438.1 -1.11 478.48 231.89 4.26 102.84 109.55 4.0 12.0 10.0 NULL 321249.0 87620000000.00
10242658.0 631.0 -1.1 442.06 236.9 23.16 27.25 143.61 4.39 4.5 10.5 NULL 107711.0 6463117198.00
11575645.2 1249.0 1.13 1232.27 176.27 21.72 57.5 126.15 9.9 NULL NULL NULL 18096.0 14457980854.80
2606500.0 1910.0 -1.24 1759.41 139.35 53.57 35.65 156.18 12.23 NULL NULL NULL 3573.0 4978415000.00
6004111.0 480.0 2.56 350.07 184.43 3.28 146.34 145.53 3.3 1.16 22.0 NULL 53587.0 2881973280.00
1183248.0 3490.0 -1.94 3882.66 117.99 39.62 88.09 207.1 16.85 2.6 NULL NULL 1095.0 4129535520.00
3714000.0 313.0 6.44 219.15 554.17 -2.15 -145.58 84.08 3.72 NULL NULL NULL 25136.0 1162482000.00
38448227.8 481.0 -0.41 354.91 162.3 20.89 23.03 133.53 3.6 8.4 NULL NULL 227922.0 18493597571.80
22000000.0 765.0 0.13 778.32 0.0 7.32 104.51 127.29 6.01 NULL NULL NULL 13189.0 16830000000.00
2775630.0 1425.0 -1.38 1390.04 80.61 28.87 49.36 164.05 8.69 0.63 10.0 NULL 5780.0 3955272750.00
6000000.0 554.0 8.63 383.59 424.76 13.8 40.14 120.81 4.59 NULL NULL NULL 18787.0 3324000000.00
26519637.3 592.0 -1.82 443.77 277.07 26.4 22.42 148.61 3.98 0.23 4.4 NULL 166435.0 15699625281.60
5028300.0 371.0 -2.62 272.49 250.0 2.77 133.94 107.65 3.45 5.0 8.0 NULL 36367.0 1865499300.00
4657143.0 281.3 0.46 206.53 511.52 -28.36 -9.92 -42.15 -6.67 NULL NULL NULL 28050.0 1310054325.90
3928087.8 1732.0 0.35 1688.38 0.0 29.41 58.89 146.6 11.81 NULL NULL NULL 1654.0 6803448069.60
138784748.36 392.7 1.47 343.76 97.24 17.37 22.61 135.49 2.9 NULL NULL NULL 214560.0 54500770680.97
NULL 11.34 7.79 10.11 0.0 0.0 0.0 0.0 11.34 NULL NULL NULL 81752.0 0.00
106956900.0 419.0 2.95 348.66 78.09 16.06 26.09 152.02 2.76 NULL NULL NULL 83152.0 44814941100.00
NULL 17.58 9.53 12.48 99.77 0.0 0.0 0.0 17.58 4.25 NULL NULL 1579073.0 0.00
3200450.0 2418.0 1.64 2222.87 110.26 65.69 36.81 203.05 11.91 NULL NULL NULL 3619.0 7738688100.00
NULL 15.68 10.04 11.27 0.0 0.0 0.0 0.0 15.68 NULL NULL NULL 687494.0 0.00
15000000.0 409.0 4.07 352.12 0.0 -3.04 -134.54 90.23 4.53 NULL NULL NULL 37416.0 6135000000.00
22110000.0 2410.0 -1.18 2353.0 72.02 9.27 259.98 127.65 18.88 NULL NULL NULL 8703.0 53285100000.00
29064535.5 595.0 -1.0 423.81 205.64 19.44 30.61 165.67 3.59 3.0 7.0 NULL 148505.0 17293398622.50
11988900.0 823.0 0.73 804.96 79.91 15.31 53.76 125.28 6.57 5.0 5.0 NULL 27839.0 9866864700.00
90530945.8 424.0 2.66 347.91 77.41 19.01 22.3 139.34 3.04 3.37 7.03 NULL 169472.0 38385121019.20
33424027.2 481.0 0.0 357.05 133.5 21.93 21.93 164.75 2.92 0.46 8.8 NULL 154005.0 16076957083.20
1000000.0 4999.0 -1.4 3782.85 0.0 85.66 58.36 291.84 17.13 NULL NULL NULL 2632.0 4999000000.00
2239440.0 2270.0 0.22 2221.91 155.06 39.8 57.04 198.95 11.41 1.05 20.0 NULL 1091.0 5083528800.00
9653950.0 1280.0 4.4 756.63 317.85 51.82 24.7 168.94 7.58 5.5 18.0 NULL 123437.0 12357056000.00
146549649.6 389.0 1.28 337.4 67.08 17.95 21.67 135.86 2.86 NULL NULL NULL 220282.0 57007813694.40
10000000.0 1640.0 -0.3 1614.89 156.18 39.53 41.49 148.02 11.08 NULL NULL NULL 9756.0 16400000000.00
4325915.0 1949.0 1.25 1692.8 116.8 45.46 42.87 159.24 12.24 NULL NULL NULL 9038.0 8431208335.00
7973769.4 605.0 -1.31 470.99 83.59 17.9 33.8 143.09 4.23 NULL NULL NULL 25657.0 4824130487.00
1363497.4 2310.0 -1.66 2086.23 216.01 50.05 46.15 196.64 11.75 0.63 12.0 NULL 1994.0 3149678994.00
19680270.0 984.0 3.58 817.82 0.0 3.39 290.27 117.5 8.37 NULL NULL NULL 14276.0 19365385680.00
12500000.0 453.0 9.95 314.11 473.67 1.77 255.93 88.59 5.11 NULL NULL NULL 23441.0 5662500000.00
48115508.0 683.0 0.44 529.32 101.03 27.87 24.51 138.43 4.93 4.26 11.25 NULL 101726.0 32862891964.00
4000000.0 432.1 -2.24 298.55 285.8 1.02 423.63 124.76 3.46 10.0 12.0 NULL 45460.0 1728400000.00
NULL 16.7 6.37 12.74 74.76 0.0 0.0 0.0 16.7 NULL NULL NULL 987266.0 0.00
134801590.0 1459.0 0.34 1305.95 72.46 36.4 40.08 230.02 6.34 1.76 33.5 NULL 107448.0 196675519810.00
NULL 17.0 2.97 13.4 93.18 0.0 0.0 0.0 17.0 NULL NULL NULL 585906.0 0.00
1312454.0 687.0 1.18 632.98 57.93 -5.34 -128.65 36.15 19.0 NULL NULL NULL 5417.0 901655898.00
13859112.0 325.0 1.56 231.67 501.85 -0.64 -507.81 75.97 4.28 NULL NULL NULL 530283.0 4504211400.00
33908892.0 1235.1 1.65 1187.87 82.87 12.68 97.41 123.94 9.97 NULL NULL NULL 29559.0 41880872509.20
3194950.0 3699.0 -0.16 3498.02 127.45 103.98 35.57 220.12 16.8 6.0 21.0 NULL 2627.0 11818120050.00
15216337.0 1385.0 -0.43 1609.26 117.24 30.75 45.04 144.84 9.56 0.82 15.5 NULL 36222.0 21074626745.00
90048212.0 465.0 1.09 395.46 122.49 24.26 19.17 165.46 2.81 2.42 6.0 NULL 243990.0 41872418580.00
126367586.2 490.0 5.15 438.66 84.14 23.87 20.53 270.22 1.81 4.0 12.0 NULL 292117.0 61920117238.00
103145166.8 376.0 1.29 355.23 88.94 14.23 26.42 138.27 2.72 NULL NULL NULL 160677.0 38782582716.80
150000000.0 1296.0 -0.46 1310.57 98.47 52.31 24.78 653.1 1.98 40.0 NULL NULL 43733.0 194400000000.00
3055510.0 575.0 -2.04 399.32 337.88 1.53 375.82 136.09 4.23 1.16 22.0 NULL 57039.0 1756918250.00
2990000.0 487.0 -1.42 399.13 274.62 5.02 97.01 106.53 4.57 0.79 15.0 NULL 7779.0 1456130000.00
200000000.0 492.6 0.41 539.1 0.0 3.93 125.34 110.77 4.45 NULL NULL NULL 244075.0 98520000000.00
12423385.6 1085.0 -0.91 924.98 136.46 18.26 59.42 132.34 8.2 2.0 8.0 NULL 151691.0 13479373376.00
162573300.0 460.0 1.55 456.03 0.44 23.35 19.7 186.72 2.46 NULL NULL NULL 0.0 74783718000.00
71999706.6 1969.0 -0.06 2051.56 48.94 9.38 209.91 115.6 17.03 20.0 31.0 NULL 52033.0 141767422295.40
NULL 1615.0 -0.62 1600.3 201.87 0.0 0.0 0.0 1615.0 NULL NULL NULL 137126.0 0.00
94935778.9 424.0 1.19 411.26 -5.15 12.34 34.36 161.32 2.63 3.47 6.0 NULL 37608.0 40252770253.60
4938775.7 1672.0 -0.18 1666.95 122.93 41.4 40.39 219.64 7.61 0.42 8.0 NULL 7717.0 8257632970.40
5891102.8 694.1 10.0 372.87 473.64 6.36 109.14 107.07 6.48 0.53 10.0 30.0 113068.0 4089014453.48
NULL 17.68 4.0 13.63 109.0 0.0 0.0 0.0 17.68 NULL NULL NULL 348169.0 0.00
NULL 16.09 1.84 13.98 60.9 0.0 0.0 0.0 0.0 12.0 NULL NULL 160761.0 0.00
NULL 16.23 3.05 12.63 59.43 0.0 0.0 0.0 16.23 NULL NULL NULL 525644.0 0.00
115640053.66 1034.0 0.23 919.84 78.28 34.65 29.84 174.96 5.91 1.0 19.0 NULL 219064.0 119571815484.44
NULL 17.96 4.97 13.71 81.41 0.0 0.0 0.0 17.96 NULL NULL NULL 636899.0 0.00
17394400.0 1595.4 -0.56 1613.48 98.26 32.75 48.71 145.72 10.95 NULL NULL NULL 17730.0 27751025760.00
16950000.0 1641.0 -0.55 1702.44 66.62 56.23 29.18 254.78 6.44 0.68 13.0 NULL 50672.0 27814950000.00
10963760.0 1240.5 -0.04 1211.53 91.44 25.88 47.93 138.57 8.95 0.37 7.0 NULL 48811.0 13600544280.00
NULL 17.62 4.88 13.68 91.11 0.0 0.0 0.0 0.0 5.0 NULL NULL 1039457.0 0.00
163259610.0 492.0 2.5 434.09 14.22 20.55 23.94 145.32 3.39 3.2 13.0 NULL 159140.0 80323728120.00
NULL 15.95 5.35 12.44 60.3 0.0 0.0 0.0 15.95 8.0 NULL NULL 235297.0 0.00
5398050.0 1471.0 -1.14 1456.04 88.59 31.27 47.04 154.34 9.53 1.0 19.0 NULL 5600.0 7940531550.00
11649635.0 707.0 3.97 635.24 0.0 1.97 358.88 101.16 6.99 0.15 2.85 NULL 25523.0 8236291945.00
11280904.37 695.0 1.47 514.76 92.56 -24.96 -27.84 178.77 3.89 10.79 5.0 NULL 47337.0 7840228537.15
11000000.0 314.0 2.68 253.36 342.25 -1.48 -212.16 80.78 3.89 NULL NULL NULL 12496.0 3454000000.00
9625000.0 409.0 -2.39 336.7 264.29 4.09 100.0 88.51 4.62 NULL NULL NULL 13020.0 3936625000.00
9631457.9 718.0 9.95 447.12 381.88 15.01 47.83 139.49 5.15 NULL NULL NULL 62996.0 6915386772.20
113470570.0 496.0 2.27 451.28 103.69 24.79 20.01 152.86 3.24 0.53 10.0 NULL 169189.0 56281402720.00
11619022.8 1020.0 0.49 948.73 104.0 18.34 55.62 124.9 8.17 0.53 10.0 NULL 25269.0 11851403256.00
20000000.0 765.0 -1.54 789.37 0.0 9.19 83.24 118.3 6.47 NULL NULL NULL 12368.0 15300000000.00
10745600.0 1225.0 1.26 1251.4 100.16 35.94 34.08 131.08 9.35 NULL 79.79 NULL 12664.0 13163360000.00
160830369.3 509.5 1.09 454.07 81.32 23.36 21.81 145.88 3.49 1.21 15.0 NULL 119702.0 81943073158.35
24170570.0 972.5 -0.56 932.77 78.11 12.61 77.12 125.87 7.73 8.0 7.0 NULL 24348.0 23505879325.00
8001000.0 382.0 -1.29 272.65 262.86 5.99 63.77 112.55 3.39 NULL NULL NULL 82613.0 3056382000.00
11085466.6 858.0 1.66 835.48 82.55 15.31 56.04 123.59 6.94 0.42 8.0 NULL 18604.0 9511330342.80
6464046.2 825.0 4.97 767.66 387.57 12.92 63.85 137.99 5.98 5.0 36.5 NULL 120441.0 5332838115.00
5600000.0 430.0 0.23 395.94 372.53 9.17 46.89 109.8 3.92 NULL NULL NULL 29531.0 2408000000.00
2666390.0 21025.0 0.12 20048.43 121.08 135.02 155.72 1263.88 16.64 6.0 114.27 NULL 925.0 56060849750.00
61578900.0 480.0 0.42 475.35 233.33 -0.53 -905.66 96.32 4.98 NULL NULL NULL 85041.0 29557872000.00
9156576.0 548.0 -0.36 370.22 342.74 12.64 43.35 150.3 3.65 0.53 10.0 NULL 116840.0 5017803648.00
21000000.0 703.0 -1.26 701.51 0.0 4.18 168.18 109.8 6.4 NULL NULL NULL 17654.0 14763000000.00
5855580.0 556.0 -2.63 385.21 586.42 4.88 113.93 103.84 5.35 0.26 NULL NULL 63649.0 3255702480.00
10342219.4 1374.0 0.44 1268.35 98.55 26.47 51.91 266.27 5.16 NULL 15.0 NULL 25723.0 14210209455.60
7319600.0 875.1 -1.56 876.29 70.25 13.9 62.96 118.94 7.36 3.63 9.0 NULL 12006.0 6405381960.00
4077055.0 967.0 3.98 907.67 0.0 20.05 48.23 130.11 7.43 NULL NULL NULL 2697.0 3942512185.00
2060270.0 1950.0 1.88 1717.5 146.84 51.3 38.01 145.23 13.43 0.55 10.5 NULL 3050.0 4017526500.00
2569804.0 1750.0 0.0 1633.37 0.0 39.34 44.48 136.61 12.81 0.95 18.0 NULL 4370.0 4497157000.00
11113574.0 1450.0 1.12 1596.51 98.63 34.25 42.34 143.5 10.1 0.58 11.0 NULL 7924.0 16114682300.00
1920246.0 10550.0 -1.86 10647.29 282.25 26.35 400.38 784.66 13.45 10.0 25.0 NULL 1457.0 20258595300.00
2752081.9 1693.5 -0.96 1521.19 156.59 31.98 52.95 149.06 11.36 NULL NULL NULL 4917.0 4660650697.65
5459409.0 538.0 2.88 321.13 407.55 1.32 407.58 72.73 7.4 NULL NULL NULL 85354.0 2937162042.00
1320000.0 1540.0 0.39 1444.63 75.0 17.28 89.12 150.38 10.24 NULL NULL NULL 1843.0 2032800000.00
12515309.8 1698.0 -0.12 1658.33 33.78 49.58 34.25 274.19 6.19 1.32 25.0 NULL 11534.0 21250996040.40
96815190.8 544.0 3.21 434.27 47.96 25.56 21.28 148.7 3.66 3.6 10.0 NULL 167279.0 52667463795.20
NULL 19.69 3.74 15.44 106.1 0.0 0.0 0.0 19.69 7.0 NULL NULL 1320165.0 0.00
10000000.0 749.1 0.54 766.34 0.0 7.76 96.53 107.6 6.96 NULL NULL NULL 7169.0 7491000000.00
NULL 10.8 1.69 10.05 0.0 0.0 0.0 0.0 10.8 NULL NULL NULL 64515.0 0.00
28084100.0 557.0 2.98 442.0 149.78 16.15 34.49 121.85 4.57 5.0 10.0 NULL 110935.0 15642843700.00
32850000.0 447.0 -1.44 442.91 231.11 -0.86 -519.77 95.17 4.7 NULL NULL NULL 34460.0 14683950000.00
8343384.3 378.0 -2.83 271.72 209.84 6.8 55.59 118.26 3.2 5.04 3.0 NULL 41577.0 3153799265.40
2353861.5 1778.0 -2.84 1677.68 0.0 37.12 47.9 171.83 10.35 0.48 9.11 15.71 4655.0 4185165747.00
27369724.2 429.9 -0.02 318.23 182.83 17.13 25.1 138.05 3.11 0.26 5.0 NULL 131617.0 11766244433.58
17585240.0 2040.0 -0.39 2001.17 79.89 27.55 74.05 135.12 15.1 1.46 27.76 NULL 26223.0 35873889600.00
34084639.1 457.0 -1.51 352.27 88.84 17.54 26.05 138.5 3.3 0.93 13.0 NULL 100520.0 15576680068.70
14304000.0 354.0 2.02 281.28 0.0 0.0 0.0 100.0 3.54 NULL NULL NULL 58910.0 5063616000.00
44000000.0 1496.0 -1.19 1486.2 145.89 33.03 45.29 215.38 6.95 24.21 NULL NULL 28797.0 65824000000.00
8901348.8 482.0 -0.82 347.11 215.03 11.88 40.57 137.13 3.51 NULL NULL NULL 57396.0 4290450121.60
109622992.0 572.0 3.34 458.32 78.19 25.12 22.77 181.89 3.14 3.0 12.0 NULL 197048.0 62704351424.00
NULL 16.57 5.47 13.01 65.7 0.0 0.0 0.0 0.0 11.0 NULL NULL 441028.0 0.00
11200000.0 1090.0 0.93 1187.23 82.58 20.25 53.83 135.11 8.07 NULL NULL NULL 7283.0 12208000000.00
NULL 16.5 4.5 13.19 0.0 0.0 0.0 0.0 16.5 NULL NULL NULL 1319986.0 0.00
5574560.7 442.0 -1.12 310.09 236.64 8.53 51.82 116.07 3.81 NULL NULL NULL 56334.0 2463955829.40
NULL 485.0 -0.61 428.54 0.0 0.0 0.0 0.0 485.0 NULL NULL NULL 19113.0 0.00
8425797.3 268.5 -1.29 228.31 55.2 -2.16 -124.31 17.96 14.95 NULL NULL NULL 82988.0 2262326575.05
85722310.0 605.0 0.67 595.47 -10.5 18.41 32.86 186.95 3.24 NULL NULL NULL 29413.0 51861997550.00
3943000.0 1695.0 1.5 1640.65 118.71 33.88 50.03 151.35 11.2 1.24 21.1 NULL 5079.0 6683385000.00
94879445.0 389.0 3.46 337.89 55.6 15.88 24.5 152.37 2.55 2.48 5.8 NULL 140473.0 36908104105.00
NULL 19.2 6.08 14.47 92.0 0.0 0.0 0.0 19.2 NULL NULL NULL 826697.0 0.00
660000.0 2570.0 3.01 2404.43 207.05 42.99 59.78 160.87 15.98 0.53 10.0 NULL 841.0 1696200000.00
22628950.0 952.0 -0.52 906.06 113.17 17.15 55.51 135.73 7.01 NULL NULL NULL 28456.0 21542760400.00
2480429.3 1760.0 -1.01 1809.2 78.51 33.8 52.07 156.96 11.21 0.81 15.35 NULL 1194.0 4365555568.00
9430000.0 1751.0 0.63 1728.74 48.89 20.21 86.64 237.13 7.38 NULL NULL NULL 6152.0 16511930000.00
920500.0 2540.0 -0.39 2511.68 170.79 57.33 44.3 154.99 16.39 1.05 20.0 NULL 937.0 2338070000.00
4112793.0 1504.0 -0.73 1451.1 68.65 36.52 41.18 140.19 10.73 NULL NULL NULL 12960.0 6185640672.00
7332500.0 520.0 0.39 368.57 420.0 11.39 45.65 108.66 4.79 0.25 4.75 NULL 114628.0 3812900000.00
18866540.0 434.0 0.0 346.61 106.67 -8.94 -48.55 108.05 4.02 10.0 NULL NULL 46591.0 8188078360.00
921000.0 19989.7 0.45 19807.71 0.12 465.58 42.94 2664.82 7.5 100.0 NULL NULL 53.0 18410513700.00
7500000.0 389.0 -1.27 249.35 690.65 1.59 244.65 90.1 4.32 NULL NULL NULL 51573.0 2917500000.00
10408346.5 423.0 3.17 417.71 125.0 10.46 40.44 159.49 2.65 NULL 3.0 NULL 0.0 4402730569.50
4200000.0 504.0 -1.0 407.89 0.0 5.69 88.58 93.5 5.39 NULL NULL NULL 10027.0 2116800000.00
10281600.0 753.0 -0.92 729.93 97.4 6.84 110.09 110.88 6.79 NULL 10.0 NULL 37894.0 7742044800.00
11500000.0 412.0 -0.48 295.96 291.43 6.12 67.32 105.72 3.9 5.26 NULL NULL 168951.0 4738000000.00
21003500.0 327.0 2.83 245.57 364.29 1.17 279.49 105.68 3.09 NULL NULL NULL 119902.0 6868144500.00
1761697.1 2279.0 -0.61 2339.57 0.0 52.91 43.07 164.77 13.83 NULL 17.81 NULL 1350.0 4014907690.90
105900000.0 683.0 -0.58 795.5 191.88 -0.44 -1552.27 92.2 7.41 NULL NULL NULL 213021.0 72329700000.00
2665974.9 1847.0 -0.16 1775.31 89.44 53.43 34.57 160.91 11.48 1.0 NULL NULL 3572.0 4924055640.30
4119440.0 1668.0 -1.13 1621.62 73.39 35.11 47.51 159.46 10.46 1.32 30.0 NULL 5118.0 6871225920.00
NULL 600.0 0.0 0.0 0.0 0.0 0.0 0.0 600.0 NULL NULL NULL 0.0 0.00
