2867631.5 1330.0 -2.35 1504.72 80.22 20.61 64.53 162.11 8.2 1434.0 3813949895.0
164226418.0 467.0 -1.27 529.9 -12.71 9.84 47.46 194.32 2.4 41390.0 76693737206.0
0 1011.0 -1.47 1039.69 0.0 0.0 0.0 0.0 1011.0 182.0 0.0
17295950.0 444.0 -3.48 549.47 81.22 12.21 36.36 116.57 3.81 175632.0 7679401800.0
10000000.0 685.0 0.59 758.44 -2.14 4.41 155.33 110.15 6.22 4534.0 6850000000.0
8000000.0 318.0 -3.64 361.61 119.31 16.51 19.26 71.34 4.46 160856.0 2544000000.0
18552105.0 574.0 -2.55 596.99 110.26 29.19 19.66 122.91 4.67 176016.0 10648908270.0
3339140.0 1325.0 -0.97 1688.46 37.31 50.78 26.09 162.44 8.16 1437.0 4424360500.0
20107607.2 1150.0 -1.63 1279.65 24.06 0.0 0.0 149.03 7.72 36877.0 23123748280.0
27588738.3 460.0 -3.24 503.74 78.99 11.12 41.37 106.01 4.34 268028.0 12690819618.0
2679075.0 473.0 -2.27 533.41 129.61 14.88 31.79 105.59 4.48 26614.0 1267202475.0
500000.0 5006.0 -1.84 5702.79 45.99 250.25 20.0 1685.32 2.97 562.0 2503000000.0
8289137.8 498.0 -3.3 511.39 255.71 58.47 8.52 125.35 3.97 33731.0 4127990624.4
1210000.0 11720.0 -3.93 10859.78 22.1 1259.35 9.31 2540.55 4.61 497.0 14181200000.0
106239940.73 272.0 -2.51 354.17 2.64 9.54 28.51 166.82 1.63 49223.0 28897263878.56
29513610.0 476.0 -0.87 540.26 5.78 10.27 46.35 240.07 1.98 22095.0 14048478360.0
18300000.0 1600.5 -1.69 1758.45 10.23 46.8 34.2 279.62 5.72 23471.0 29289150000.0
86436610.0 249.9 -1.61 260.98 33.64 13.51 18.5 126.88 1.97 114844.0 21600508839.0
90344300.0 231.0 -0.43 252.85 8.45 12.06 19.15 124.95 1.85 66130.0 20869533300.0
8810357.0 520.1 -4.74 592.73 211.44 6.2 83.89 135.98 3.82 48730.0 4582266675.7
15340910.0 1392.0 -1.63 1469.57 0.0 -10.1 -137.82 71.82 19.38 13851.0 21354546720.0
62807392.3 561.0 -1.56 617.84 -16.14 13.37 41.96 164.19 3.42 29872.0 35234947080.3
0 0 0 0 0 0 0 0 0 0 0
2976750.0 516.0 -1.94 540.73 218.52 10.27 50.24 106.02 4.87 26578.0 1536003000.0
32700000.0 3125.0 -1.36 3553.74 -37.25 24.13 129.51 138.68 22.53 8276.0 102187500000.0
2881239.9 1000.0 -3.95 1354.25 29.03 21.62 46.25 145.84 6.86 2990.0 2881239900.0
0 9.63 0.42 11.52 -5.03 0.0 0.0 0.0 9.63 50164.0 0.0
0 9.81 -1.9 11.77 -0.91 0.0 0.0 0.0 0.0 13406.0 0.0
4100000.0 913.4 -6.8 899.29 326.82 1.13 808.32 145.52 6.28 4854.0 3744940000.0
142009740.1 272.5 -1.27 354.72 9.44 19.36 14.08 148.44 1.84 61613.0 38697654177.25
13874983.3 1190.0 -1.65 1497.47 -11.19 50.04 23.78 187.32 6.35 7977.0 16511230127.0
2640000.0 315.0 -4.55 348.65 160.33 4.45 70.79 23.32 13.51 23088.0 831600000.0
89337170.0 583.0 -0.85 699.39 -17.42 25.92 22.49 234.12 2.49 43928.0 52083570110.0
11517921.4 580.0 -1.53 786.5 56.76 6.36 91.19 134.77 4.3 9565.0 6680394412.0
11836040.0 647.0 -4.57 715.79 9.66 10.46 61.85 133.7 4.84 10146.0 7657917880.0
0 392.0 -2.02 435.81 44.65 0.0 0.0 0.0 392.0 3531.0 0.0
10609412.0 777.0 -2.75 993.78 23.33 11.18 69.5 119.19 6.52 22093.0 8243513124.0
6255190.0 2729.0 -1.83 2843.08 27.23 53.67 50.85 315.53 8.65 7645.0 17070413510.0
36759125.0 555.0 -3.14 602.26 104.04 20.07 27.65 148.14 3.75 112898.0 20401314375.0
237957533.0 310.0 -1.62 414.51 -12.18 18.7 16.58 150.96 2.05 65511.0 73766835230.0
9825000.0 939.0 -2.49 1087.21 40.99 37.49 25.05 212.68 4.42 8143.0 9225675000.0
8672000.0 720.0 -5.39 776.32 236.45 32.84 21.92 236.45 3.05 48007.0 6243840000.0
5500000.0 353.1 -3.79 401.42 175.86 -15.81 -22.33 87.73 4.02 8526.0 1942050000.0
10000000.0 592.0 -1.33 641.41 -2.63 15.34 38.59 110.48 5.36 6173.0 5920000000.0
5525893.25 1575.0 -3.96 2277.46 6.78 40.05 39.33 172.44 9.13 2616.0 8703281865.6
0 21.08 -0.28 21.4 83.62 0.0 0.0 0.0 21.08 258860.0 0.0
974999.4 1254.4 -3.47 1596.86 52.05 12.98 96.64 143.63 8.73 467.0 1223039247.36
17843762.1 422.0 -2.54 491.5 0.0 0.0 0.0 100.0 4.22 11723.0 7530067606.2
19755850.0 533.0 -2.2 648.37 -18.63 0.0 0.0 129.12 4.13 17969.0 10529868050.0
1273567.5 1440.0 -0.69 1574.6 52.7 10.88 132.35 165.09 8.72 719.0 1833937200.0
8640000.0 488.1 -4.78 566.75 141.63 7.29 66.95 158.74 3.07 22686.0 4217184000.0
5190000.0 368.0 -2.9 422.94 123.03 0.47 782.98 104.94 3.51 15371.0 1909920000.0
8679938.0 783.0 -3.3 1006.54 291.5 7.64 102.49 164.77 4.75 9254.0 6796391454.0
16000000.0 352.0 -3.03 356.24 134.67 -1.18 -298.31 83.33 4.22 180436.0 5632000000.0
8677023.7 6295.0 -2.78 6838.99 54.67 97.4 64.63 255.37 24.65 11729.0 54621864191.5
11003370.0 665.0 -1.63 729.82 0.45 9.79 67.93 135.06 4.92 10871.0 7317241050.0
220000000.0 288.0 -2.7 380.07 -1.71 3.87 74.42 108.98 2.64 263917.0 63360000000.0
10654170.0 435.0 -4.37 529.79 73.31 0.0 0.0 100.0 4.35 25327.0 4634563950.0
9900000.0 422.0 -3.63 480.82 91.82 -0.04 -10550.0 99.15 4.26 8617.0 4177800000.0
10242658.0 816.0 -2.86 850.48 176.61 18.61 43.85 160.32 5.09 151066.0 8358008928.0
0 1125.0 -0.18 1146.47 0.0 0.0 0.0 0.0 1125.0 70.0 0.0
11575860.0 985.0 -0.51 1093.76 58.87 15.05 65.45 122.32 8.05 22516.0 11402222100.0
3246034.7 1620.0 -2.41 1750.1 58.05 58.53 27.68 183.48 8.83 5379.0 5258576214.0
38448227.81 480.0 -3.03 531.14 115.25 22.66 21.18 142.97 3.36 163647.0 18455149348.8
6084000.0 4292.1 -0.3 4154.33 0.0 116.11 36.97 346.08 12.4 8926.0 26113136400.0
6004111.0 657.0 -4.16 664.29 165.99 18.62 35.28 164.52 3.99 57600.0 3944700927.0
22000000.0 549.1 -1.42 643.17 0.0 0.0 0.0 130.05 4.22 9242.0 12080200000.0
3714000.0 380.0 0.66 372.74 208.94 -0.96 -395.83 84.57 4.49 16667.0 1411320000.0
1183248.0 2920.0 -2.54 3307.08 70.16 55.07 53.02 225.01 12.98 1887.0 3455084160.0
147111833.2 252.9 -2.32 313.84 -1.21 14.71 17.19 136.38 1.85 77718.0 37204582616.28
0 1000.0 -0.6 1043.69 -4.76 0.0 0.0 0.0 1000.0 258.0 0.0
0 9.25 -0.86 9.78 0.0 0.0 0.0 0.0 9.25 20173.0 0.0
4657143.0 320.0 -3.03 364.45 162.3 6.03 53.07 90.76 3.53 19427.0 1490285760.0
3928087.8 1294.0 -1.97 1487.41 0.0 12.2 106.07 186.13 6.95 452.0 5082945613.2
2775630.0 1267.0 -0.63 1325.49 55.65 69.2 18.31 169.68 7.47 5587.0 3516723210.0
6000000.0 574.9 -3.35 644.73 145.68 26.67 21.56 130.75 4.4 13773.0 3449400000.0
5028300.0 421.0 -3.22 465.07 184.46 18.06 23.31 126.64 3.32 16564.0 2116914300.0
31425770.2 520.0 -4.06 659.05 129.07 22.37 23.25 143.74 3.62 96269.0 16341400504.0
29064535.5 562.0 -3.6 600.69 131.28 29.34 19.15 187.05 3.0 170572.0 16334268951.0
106956900.0 300.0 -1.64 350.27 2.39 20.68 14.51 156.74 1.91 34575.0 32087070000.0
15000000.0 349.0 -4.64 400.12 57.21 -2.05 -170.24 89.43 3.9 18054.0 5235000000.0
0 9.66 -1.93 10.4 -2.13 0.0 0.0 0.0 9.66 33595.0 0.0
11989000.0 673.5 -3.37 749.93 5.23 14.41 46.74 128.67 5.23 17814.0 8074591500.0
22110000.0 1880.0 -1.05 2090.08 -3.54 0.0 0.0 130.25 14.43 6977.0 41566800000.0
3840540.0 1431.0 -0.97 1951.56 -1.45 48.63 29.43 206.86 6.92 2735.0 5495812740.0
0 9.72 -1.32 10.31 -0.21 0.0 0.0 0.0 9.72 29156.0 0.0
102571561.6 301.0 -1.31 372.24 17.58 21.9 13.74 142.64 2.11 54157.0 30874040041.6
7973769.38 579.9 -4.62 678.65 34.55 12.71 45.63 148.77 3.9 22706.0 4623988863.46
161204614.56 275.5 -2.99 343.85 -0.54 22.7 12.14 140.9 1.96 87932.0 44411871311.28
19680270.0 1101.9 0.17 1206.24 0.0 59.66 18.47 135.79 8.11 5366.0 21685689513.0
12000000.0 1095.2 -1.33 1464.5 20.62 42.85 25.56 179.65 6.1 12426.0 13142400000.0
9653950.0 1050.0 -2.23 1142.2 160.55 11.89 88.31 188.94 5.56 40527.0 10136647500.0
12500000.0 466.0 -3.52 495.52 114.75 37.94 12.28 98.24 4.74 27638.0 5825000000.0
3681430.0 525.0 -6.75 440.84 0.0 7.9 66.46 103.49 5.07 8934.0 1932750750.0
1211500.0 1600.0 -5.04 1273.57 0.0 15.55 102.89 155.05 10.32 2036.0 1938400000.0
1363497.4 1849.0 -2.68 1984.14 63.2 58.41 31.66 210.03 8.8 1253.0 2521106692.6
33424027.25 620.0 -4.32 636.39 146.03 27.59 22.47 171.65 3.61 436878.0 20722896895.0
1093750.0 1630.0 -3.55 1071.29 0.0 8.86 183.97 139.47 11.69 3127.0 1782812500.0
1475000.0 3970.0 8.5 4884.71 0.0 77.77 51.05 255.21 15.56 4841.0 5855750000.0
0 9.23 -0.75 9.53 0.0 0.0 0.0 0.0 9.23 28450.0 0.0
4350711.6 1435.0 -2.31 1642.72 46.43 58.62 24.48 194.65 7.37 2403.0 6243271146.0
56571808.56 533.0 -4.48 709.35 25.71 24.44 21.81 140.95 3.78 71591.0 30152773962.48
4000000.0 471.0 -4.17 537.65 172.25 0.21 2242.86 121.32 3.88 11936.0 1884000000.0
2821694.4 1748.2 -3.41 2017.78 96.43 32.97 53.02 175.36 9.97 1073.0 4932886150.08
1312338.0 925.0 0.54 866.08 112.64 -2.78 -332.73 65.39 14.15 9567.0 1213912650.0
138444510.0 1512.0 -0.8 1486.52 34.4 32.14 47.04 247.31 6.11 126037.0 209328099120.0
100854000.0 365.0 -1.3 421.74 26.3 16.33 22.35 166.92 2.19 111217.0 36811710000.0
0 10.26 0.1 12.65 2.09 0.0 0.0 0.0 10.26 44691.0 0.0
0 9.66 -2.33 9.9 0.0 0.0 0.0 0.0 9.66 50008.0 0.0
126367586.2 435.0 -0.91 486.73 7.14 23.89 18.21 270.44 1.61 89812.0 54969899997.0
0 1005.0 -1.47 1026.15 0.0 0.0 0.0 0.0 1005.0 162.0 0.0
103145166.8 287.9 -0.69 319.94 -3.71 20.09 14.33 145.8 1.97 48454.0 29695493521.72
0 121.0 0.0 121.0 6.14 0.0 0.0 0.0 121.0 53398.0 0.0
0 10.38 -2.08 13.1 2.57 0.0 0.0 0.0 10.38 56689.0 0.0
4934960.0 579.9 -2.54 609.4 138.64 2.86 202.76 136.02 4.26 21779.0 2861783304.0
7069324.0 665.0 -0.89 818.67 166.0 11.34 58.64 103.87 6.4 73954.0 4701100460.0
2990000.0 477.0 -3.64 573.87 96.3 10.58 45.09 111.84 4.27 17624.0 1426230000.0
13859112.0 408.0 -2.16 421.94 213.85 -1.6 -255.0 74.37 5.49 322753.0 5654517696.0
0 10.21 -2.02 11.85 0.1 0.0 0.0 0.0 10.21 28023.0 0.0
0 12.1 -0.08 12.46 8.72 0.0 0.0 0.0 0.0 28397.0 0.0
0 9.26 -0.43 9.84 0.0 0.0 0.0 0.0 9.26 14931.0 0.0
115640053.66 788.0 -2.09 887.99 20.67 40.84 19.29 189.9 4.15 73413.0 91124362284.08
0 960.6 -2.0 991.4 0.0 0.0 0.0 0.0 960.6 35.0 0.0
0 10.61 -0.28 12.04 6.1 0.0 0.0 0.0 10.61 24825.0 0.0
0 11.34 -3.08 12.97 9.04 0.0 0.0 0.0 11.34 29070.0 0.0
12423390.0 790.0 -2.12 879.34 12.06 19.16 41.23 136.24 5.8 16053.0 9814478100.0
17394400.0 1137.0 -3.08 1330.06 49.8 37.41 30.39 157.41 7.22 13991.0 19777432800.0
0 9.25 -2.63 9.56 0.0 0.0 0.0 0.0 9.25 12687.0 0.0
216000000.0 310.0 -1.15 384.73 0.0 4.48 69.2 112.24 2.76 119267.0 66960000000.0
15216337.0 1125.0 -3.1 1324.42 -12.25 18.92 59.46 148.17 7.59 15965.0 17118379125.0
4938775.7 1302.0 -2.03 1442.43 31.52 38.52 33.8 243.87 5.34 4781.0 6430285961.4
12060130.5 829.8 -1.21 952.5 8.75 19.32 42.95 138.07 6.01 7977.0 10007496288.9
71999706.6 1445.0 -1.37 1716.3 -27.64 0.0 0.0 112.08 12.89 41615.0 104039576037.0
33908892.0 890.0 -1.66 1049.65 -19.09 0.0 0.0 128.33 6.94 22213.0 30178913880.0
163259610.0 377.4 0.91 423.17 -18.13 25.59 14.75 153.03 2.47 59344.0 61614176814.0
0 11.99 -0.08 12.97 19.9 0.0 0.0 0.0 0.0 109198.0 0.0
0 11.23 -1.92 12.18 11.41 0.0 0.0 0.0 11.23 42556.0 0.0
5398050.0 1255.0 -1.88 1393.35 9.7 24.05 52.18 173.65 7.23 3315.0 6774552750.0
4190540.0 3170.0 -0.16 3173.71 62.15 109.39 28.98 260.94 12.15 9369.0 13284011800.0
100000000.0 1299.7 -2.72 1414.51 -26.07 11.7 111.09 133.51 9.73 59792.0 129970000000.0
11649635.0 612.0 -2.96 730.6 50.74 2.64 231.82 109.8 5.57 24620.0 7129576620.0
2549540.0 1291.0 -1.83 1490.12 0.0 10.28 125.58 193.27 6.68 1342.0 3291456140.0
150000000.0 1384.8 -2.89 1183.6 7.18 60.26 22.98 658.81 2.1 127313.0 207720000000.0
16950000.0 1500.0 -0.92 1559.64 24.17 47.65 31.48 313.01 4.79 23859.0 25425000000.0
0 413.1 9.98 360.17 0.0 0.0 0.0 0.0 413.1 226.0 0.0
11280904.38 484.0 -1.43 543.16 0.0 -19.99 -24.21 174.44 2.77 7869.0 5459957719.92
0 985.0 -2.96 1028.72 -3.9 0.0 0.0 0.0 985.0 133.0 0.0
160830369.0 452.5 -1.2 483.87 14.85 24.32 18.61 155.14 2.92 75582.0 72775741972.5
9631457.9 543.0 -3.72 664.88 174.24 0.54 1005.56 140.84 3.86 18469.0 5229881639.7
10745600.0 920.0 -2.64 1093.55 1.77 30.35 30.31 140.31 6.56 11093.0 9885952000.0
11085470.0 655.0 -1.96 729.0 10.83 13.17 49.73 125.85 5.2 9816.0 7260982850.0
20000000.0 549.0 -1.96 658.54 0.0 0.0 0.0 121.27 4.53 7132.0 10980000000.0
27796156.0 682.9 -3.13 889.46 -17.72 0.0 0.0 128.89 5.3 12799.0 18981994932.4
11000000.0 355.1 -3.77 356.96 144.9 23.19 15.31 99.29 3.58 38179.0 3906100000.0
9625000.0 476.1 -2.86 481.64 94.33 42.86 11.11 106.03 4.49 30921.0 4582462500.0
11619020.0 768.2 -2.26 865.95 12.97 22.54 34.08 122.24 6.28 7207.0 8925731164.0
8001000.0 388.0 -3.48 445.43 183.21 16.84 23.04 116.04 3.34 29889.0 3104388000.0
113470570.0 342.5 -1.58 412.2 -6.16 22.43 15.27 158.45 2.16 55042.0 38863670225.0
0 9.2 -1.08 9.73 0.0 0.0 0.0 0.0 9.2 25524.0 0.0
6464046.23 601.2 -2.83 716.93 92.69 10.74 55.98 113.64 5.29 28691.0 3886184593.48
2666390.0 17280.0 -2.37 18683.33 8.34 93.14 185.53 1292.46 13.37 232.0 46075219200.0
0 13250.0 -0.38 14324.18 -15.1 0.0 0.0 0.0 13250.0 571.0 0.0
61578900.0 362.0 -2.56 412.94 23.97 -0.73 -495.89 96.06 3.77 41401.0 22291561800.0
9156580.0 530.1 -5.34 602.05 196.15 9.58 55.33 140.62 3.77 55933.0 4853903058.0
21000000.0 496.0 -1.43 579.04 -27.91 0.0 0.0 112.55 4.41 10007.0 10416000000.0
10342219.4 1398.0 -1.83 1549.58 45.32 101.5 13.77 294.37 4.75 26756.0 14458422721.2
0 9.21 -1.5 9.66 0.0 0.0 0.0 0.0 9.21 17656.0 0.0
8051560.0 737.0 -2.9 900.11 6.81 7.25 101.66 120.87 6.1 6890.0 5933999720.0
4484760.5 970.0 -1.82 1187.83 0.0 29.73 32.63 117.69 8.24 1869.0 4350217685.0
2700000.0 1971.0 1.6 1960.83 106.17 31.79 62.0 130.51 15.1 4465.0 5321700000.0
30106696.4 368.0 -4.17 444.25 90.67 7.23 50.9 133.86 2.75 59235.0 11079264275.2
0 12.65 -2.69 14.7 14.9 0.0 0.0 0.0 12.65 70964.0 0.0
0 620.0 -4.47 667.88 0.0 0.0 0.0 0.0 620.0 79255.0 0.0
113273773.2 357.0 -0.83 468.15 9.85 20.05 17.81 150.78 2.37 53766.0 40438737032.4
8343384.3 367.0 -2.47 415.8 126.54 -52.79 -6.95 107.48 3.41 21827.0 3062022038.1
0 9.15 -1.29 9.77 0.0 0.0 0.0 0.0 9.15 11282.0 0.0
0 945.0 -0.01 970.8 0.0 0.0 0.0 0.0 945.0 56.0 0.0
94935778.9 361.0 1.69 371.5 -17.95 15.71 22.98 166.56 2.17 24814.0 34271816182.9
109622991.9 458.0 -1.29 507.59 23.12 34.62 13.23 188.13 2.43 71558.0 50207330290.2
94294536.0 460.5 -0.56 541.21 -31.37 20.44 22.53 186.66 2.47 14842.0 43422633828.0
0 954.5 -0.07 961.53 0.0 0.0 0.0 0.0 954.5 55.0 0.0
3212255.0 1221.0 -1.13 1622.4 9.41 40.98 29.8 150.48 8.11 1730.0 3922163355.0
0 10.34 -0.58 11.33 -0.58 0.0 0.0 0.0 0.0 60487.0 0.0
5459410.0 569.0 -5.01 544.09 292.41 1.94 293.3 70.46 8.08 39371.0 3106404290.0
0 10.88 -0.18 12.68 8.8 0.0 0.0 0.0 10.88 27096.0 0.0
10000000.0 565.0 -2.92 652.15 -9.89 9.74 58.01 109.67 5.15 4617.0 5650000000.0
14500000.0 412.0 -3.04 474.92 0.0 12.6 32.7 103.15 3.99 11380.0 5974000000.0
34084639.09 448.0 -4.88 508.28 69.7 17.29 25.91 146.38 3.06 123268.0 15269918312.32
0 140.0 0.0 140.0 -20.9 0.0 0.0 0.0 140.0 27039.0 0.0
44000000.0 1245.0 -2.73 1445.3 -6.32 18.93 65.77 227.59 5.47 15726.0 54780000000.0
8425797.3 217.1 -3.3 249.28 1.92 -1.0 -217.1 16.75 12.96 28146.0 1829240593.83
28084100.0 415.0 -2.35 492.2 5.33 34.7 11.96 132.82 3.12 83847.0 11654901500.0
11113570.0 1190.0 -0.83 1322.72 19.84 22.21 53.58 145.55 8.18 2294.0 13225148300.0
17585240.0 1652.0 -1.37 1812.33 -3.28 30.4 54.34 136.33 12.12 10015.0 29050816480.0
8901348.8 492.0 -5.57 551.73 140.0 12.49 39.39 144.84 3.4 41967.0 4379463609.6
0 10.78 0.75 11.46 0.0 0.0 0.0 0.0 0.0 35597.0 0.0
11200000.0 835.0 -3.24 963.23 -4.02 19.41 43.02 132.82 6.29 8841.0 9352000000.0
5574560.7 396.0 -3.77 473.49 140.0 -4.79 -82.67 111.08 3.56 16017.0 2207526037.2
32850000.0 361.0 -2.17 409.47 31.27 -1.04 -347.12 94.64 3.81 20422.0 11858850000.0
12515309.8 1583.0 -2.64 1783.8 -10.16 52.87 29.94 299.42 5.29 14292.0 19811735413.4
5140991.3 1070.0 -2.55 1428.92 5.73 37.4 28.61 150.33 7.12 5170.0 5500860691.0
1320000.0 1310.0 -2.6 1412.7 48.86 31.94 41.01 160.05 8.18 845.0 1729200000.0
0 9.77 -2.1 9.93 0.0 0.0 0.0 0.0 9.77 10787.0 0.0
20000000.0 495.1 -1.57 542.3 0.0 8.78 56.39 114.36 4.33 13631.0 9902000000.0
22628950.0 741.0 -3.64 847.67 -0.8 0.0 0.0 143.19 5.17 14646.0 16768051950.0
2856201.6 1389.1 -1.84 1506.64 110.47 16.07 86.44 165.62 8.39 2192.0 3967549642.56
660000.0 2170.0 0.23 2532.39 106.27 8.35 259.88 181.35 11.97 1768.0 1432200000.0
920500.0 2555.0 -2.11 2594.32 120.26 32.44 78.76 176.33 14.49 598.0 2351877500.0
3943000.0 1391.0 -1.7 1479.98 42.96 39.86 34.9 166.47 8.36 1370.0 5484713000.0
0 779.0 0.0 843.0 105.0 0.0 0.0 0.0 779.0 15500.0 0.0
0 507.5 9.99 406.18 0.0 0.0 0.0 0.0 507.5 187.0 0.0
8065750.0 444.0 -4.72 528.44 76.89 14.73 30.14 104.86 4.23 65030.0 3581193000.0
94879445.0 291.0 0.0 328.6 9.81 18.16 16.02 159.69 1.82 63205.0 27609918495.0
0 1000.0 0.0 1020.77 0.0 0.0 0.0 0.0 1000.0 50.0 0.0
14404000.0 349.0 -3.86 395.47 116.77 -28.69 -12.16 94.1 3.71 40970.0 5026996000.0
2765154.0 5877.0 -1.19 8011.76 -4.05 7.07 831.26 573.78 10.24 1151.0 16250810058.0
9430000.0 1426.0 -2.19 1673.64 -13.31 44.83 31.81 303.09 4.7 5330.0 13447180000.0
0 565.0 -0.88 484.23 0.0 0.0 0.0 0.0 565.0 7234.0 0.0
18866540.0 382.0 -0.34 385.15 14.37 -2.63 -145.25 111.99 3.41 8510.0 7207018280.0
10281600.0 655.0 -3.14 695.33 32.59 4.64 141.16 111.46 5.88 26106.0 6734448000.0
21500000.0 627.0 -2.49 657.88 0.0 0.0 0.0 152.39 4.11 26899.0 13480500000.0
11500000.0 425.0 -3.41 499.74 152.98 -5.03 -84.49 105.45 4.03 158497.0 4887500000.0
4200000.0 560.0 -5.41 604.83 0.0 30.41 18.41 107.81 5.19 9832.0 2352000000.0
7500000.0 362.0 -4.23 414.03 189.6 7.14 50.7 91.7 3.95 26780.0 2715000000.0
921000.0 18251.0 -0.27 19421.91 -9.2 1097.07 16.64 3102.61 5.88 66.0 16809171000.0
21003500.0 376.4 -3.39 445.29 157.81 1.78 211.46 106.85 3.52 90361.0 7905717400.0
105900000.0 628.0 -2.18 681.97 60.2 32.48 19.33 98.1 6.4 113670.0 66505200000.0
1761687.1 1885.0 -3.83 2110.64 52.51 16.22 116.21 168.16 11.21 1787.0 3320780183.5
2665974.9 1460.3 -1.99 1668.63 30.15 37.95 38.48 177.25 8.24 2473.0 3893123146.47
